id	posx	posy	h	type	mass	dx	dy
0	-0.500000	0.083333	0.005000	1	0.025000	0.005000	0.005000
1	-0.500000	0.078283	0.005000	1	0.025000	0.005000	0.005000
2	-0.500000	0.073232	0.005000	1	0.025000	0.005000	0.005000
3	-0.500000	0.068182	0.005000	1	0.025000	0.005000	0.005000
4	-0.500000	0.063131	0.005000	1	0.025000	0.005000	0.005000
5	-0.500000	0.058081	0.005000	1	0.025000	0.005000	0.005000
6	-0.500000	0.053030	0.005000	1	0.025000	0.005000	0.005000
7	-0.500000	0.047980	0.005000	1	0.025000	0.005000	0.005000
8	-0.500000	0.042929	0.005000	1	0.025000	0.005000	0.005000
9	-0.500000	0.037879	0.005000	1	0.025000	0.005000	0.005000
10	-0.500000	0.032828	0.005000	1	0.025000	0.005000	0.005000
11	-0.500000	0.027778	0.005000	1	0.025000	0.005000	0.005000
12	-0.500000	0.022727	0.005000	1	0.025000	0.005000	0.005000
13	-0.500000	0.017677	0.005000	1	0.025000	0.005000	0.005000
14	-0.500000	0.012626	0.005000	1	0.025000	0.005000	0.005000
15	-0.500000	0.007576	0.005000	1	0.025000	0.005000	0.005000
16	-0.500000	0.002525	0.005000	1	0.025000	0.005000	0.005000
17	-0.500000	-0.002525	0.005000	1	0.025000	0.005000	0.005000
18	-0.500000	-0.007576	0.005000	1	0.025000	0.005000	0.005000
19	-0.500000	-0.012626	0.005000	1	0.025000	0.005000	0.005000
20	-0.500000	-0.017677	0.005000	1	0.025000	0.005000	0.005000
21	-0.500000	-0.022727	0.005000	1	0.025000	0.005000	0.005000
22	-0.500000	-0.027778	0.005000	1	0.025000	0.005000	0.005000
23	-0.500000	-0.032828	0.005000	1	0.025000	0.005000	0.005000
24	-0.500000	-0.037879	0.005000	1	0.025000	0.005000	0.005000
25	-0.500000	-0.042929	0.005000	1	0.025000	0.005000	0.005000
26	-0.500000	-0.047980	0.005000	1	0.025000	0.005000	0.005000
27	-0.500000	-0.053030	0.005000	1	0.025000	0.005000	0.005000
28	-0.500000	-0.058081	0.005000	1	0.025000	0.005000	0.005000
29	-0.500000	-0.063131	0.005000	1	0.025000	0.005000	0.005000
30	-0.500000	-0.068182	0.005000	1	0.025000	0.005000	0.005000
31	-0.500000	-0.073232	0.005000	1	0.025000	0.005000	0.005000
32	-0.500000	-0.078283	0.005000	1	0.025000	0.005000	0.005000
33	-0.500000	-0.083333	0.005000	1	0.025000	0.005000	0.005000
34	-0.494949	-0.083333	0.005000	1	0.025000	0.005000	0.005000
35	-0.489899	-0.083333	0.005000	1	0.025000	0.005000	0.005000
36	-0.484848	-0.083333	0.005000	1	0.025000	0.005000	0.005000
37	-0.479798	-0.083333	0.005000	1	0.025000	0.005000	0.005000
38	-0.474747	-0.083333	0.005000	1	0.025000	0.005000	0.005000
39	-0.469697	-0.083333	0.005000	1	0.025000	0.005000	0.005000
40	-0.464646	-0.083333	0.005000	1	0.025000	0.005000	0.005000
41	-0.459596	-0.083333	0.005000	1	0.025000	0.005000	0.005000
42	-0.454545	-0.083333	0.005000	1	0.025000	0.005000	0.005000
43	-0.449495	-0.083333	0.005000	1	0.025000	0.005000	0.005000
44	-0.444444	-0.083333	0.005000	1	0.025000	0.005000	0.005000
45	-0.439394	-0.083333	0.005000	1	0.025000	0.005000	0.005000
46	-0.434343	-0.083333	0.005000	1	0.025000	0.005000	0.005000
47	-0.429293	-0.083333	0.005000	1	0.025000	0.005000	0.005000
48	-0.424242	-0.083333	0.005000	1	0.025000	0.005000	0.005000
49	-0.419192	-0.083333	0.005000	1	0.025000	0.005000	0.005000
50	-0.414141	-0.083333	0.005000	1	0.025000	0.005000	0.005000
51	-0.409091	-0.083333	0.005000	1	0.025000	0.005000	0.005000
52	-0.404040	-0.083333	0.005000	1	0.025000	0.005000	0.005000
53	-0.398990	-0.083333	0.005000	1	0.025000	0.005000	0.005000
54	-0.393939	-0.083333	0.005000	1	0.025000	0.005000	0.005000
55	-0.388889	-0.083333	0.005000	1	0.025000	0.005000	0.005000
56	-0.383838	-0.083333	0.005000	1	0.025000	0.005000	0.005000
57	-0.378788	-0.083333	0.005000	1	0.025000	0.005000	0.005000
58	-0.373737	-0.083333	0.005000	1	0.025000	0.005000	0.005000
59	-0.368687	-0.083333	0.005000	1	0.025000	0.005000	0.005000
60	-0.363636	-0.083333	0.005000	1	0.025000	0.005000	0.005000
61	-0.358586	-0.083333	0.005000	1	0.025000	0.005000	0.005000
62	-0.353535	-0.083333	0.005000	1	0.025000	0.005000	0.005000
63	-0.348485	-0.083333	0.005000	1	0.025000	0.005000	0.005000
64	-0.343434	-0.083333	0.005000	1	0.025000	0.005000	0.005000
65	-0.338384	-0.083333	0.005000	1	0.025000	0.005000	0.005000
66	-0.333333	-0.083333	0.005000	1	0.025000	0.005000	0.005000
67	-0.333333	-0.063131	0.005000	1	0.025000	0.005000	0.005000
68	-0.333333	-0.058081	0.005000	1	0.025000	0.005000	0.005000
69	-0.333333	-0.053030	0.005000	1	0.025000	0.005000	0.005000
70	-0.333333	-0.047980	0.005000	1	0.025000	0.005000	0.005000
71	-0.333333	-0.042929	0.005000	1	0.025000	0.005000	0.005000
72	-0.333333	-0.037879	0.005000	1	0.025000	0.005000	0.005000
73	-0.333333	-0.032828	0.005000	1	0.025000	0.005000	0.005000
74	-0.333333	-0.027778	0.005000	1	0.025000	0.005000	0.005000
75	-0.333333	-0.022727	0.005000	1	0.025000	0.005000	0.005000
76	-0.333333	-0.017677	0.005000	1	0.025000	0.005000	0.005000
77	-0.333333	-0.012626	0.005000	1	0.025000	0.005000	0.005000
78	-0.333333	-0.007576	0.005000	1	0.025000	0.005000	0.005000
79	-0.333333	-0.002525	0.005000	1	0.025000	0.005000	0.005000
80	-0.333333	0.002525	0.005000	1	0.025000	0.005000	0.005000
81	-0.333333	0.007576	0.005000	1	0.025000	0.005000	0.005000
82	-0.333333	0.012626	0.005000	1	0.025000	0.005000	0.005000
83	-0.333333	0.017677	0.005000	1	0.025000	0.005000	0.005000
84	-0.333333	0.022727	0.005000	1	0.025000	0.005000	0.005000
85	-0.333333	0.027778	0.005000	1	0.025000	0.005000	0.005000
86	-0.333333	0.032828	0.005000	1	0.025000	0.005000	0.005000
87	-0.333333	0.037879	0.005000	1	0.025000	0.005000	0.005000
88	-0.333333	0.042929	0.005000	1	0.025000	0.005000	0.005000
89	-0.333333	0.047980	0.005000	1	0.025000	0.005000	0.005000
90	-0.333333	0.053030	0.005000	1	0.025000	0.005000	0.005000
91	-0.333333	0.058081	0.005000	1	0.025000	0.005000	0.005000
92	-0.333333	0.063131	0.005000	1	0.025000	0.005000	0.005000
93	-0.333333	0.068182	0.005000	1	0.025000	0.005000	0.005000
94	-0.333333	0.073232	0.005000	1	0.025000	0.005000	0.005000
95	-0.333333	0.078283	0.005000	1	0.025000	0.005000	0.005000
96	-0.333333	0.083333	0.005000	1	0.025000	0.005000	0.005000
97	-0.338384	0.083333	0.005000	1	0.025000	0.005000	0.005000
98	-0.343434	0.083333	0.005000	1	0.025000	0.005000	0.005000
99	-0.348485	0.083333	0.005000	1	0.025000	0.005000	0.005000
100	-0.353535	0.083333	0.005000	1	0.025000	0.005000	0.005000
101	-0.358586	0.083333	0.005000	1	0.025000	0.005000	0.005000
102	-0.363636	0.083333	0.005000	1	0.025000	0.005000	0.005000
103	-0.368687	0.083333	0.005000	1	0.025000	0.005000	0.005000
104	-0.373737	0.083333	0.005000	1	0.025000	0.005000	0.005000
105	-0.378788	0.083333	0.005000	1	0.025000	0.005000	0.005000
106	-0.383838	0.083333	0.005000	1	0.025000	0.005000	0.005000
107	-0.388889	0.083333	0.005000	1	0.025000	0.005000	0.005000
108	-0.393939	0.083333	0.005000	1	0.025000	0.005000	0.005000
109	-0.398990	0.083333	0.005000	1	0.025000	0.005000	0.005000
110	-0.404040	0.083333	0.005000	1	0.025000	0.005000	0.005000
111	-0.409091	0.083333	0.005000	1	0.025000	0.005000	0.005000
112	-0.414141	0.083333	0.005000	1	0.025000	0.005000	0.005000
113	-0.419192	0.083333	0.005000	1	0.025000	0.005000	0.005000
114	-0.424242	0.083333	0.005000	1	0.025000	0.005000	0.005000
115	-0.429293	0.083333	0.005000	1	0.025000	0.005000	0.005000
116	-0.434343	0.083333	0.005000	1	0.025000	0.005000	0.005000
117	-0.439394	0.083333	0.005000	1	0.025000	0.005000	0.005000
118	-0.444444	0.083333	0.005000	1	0.025000	0.005000	0.005000
119	-0.449495	0.083333	0.005000	1	0.025000	0.005000	0.005000
120	-0.454545	0.083333	0.005000	1	0.025000	0.005000	0.005000
121	-0.459596	0.083333	0.005000	1	0.025000	0.005000	0.005000
122	-0.464646	0.083333	0.005000	1	0.025000	0.005000	0.005000
123	-0.469697	0.083333	0.005000	1	0.025000	0.005000	0.005000
124	-0.474747	0.083333	0.005000	1	0.025000	0.005000	0.005000
125	-0.479798	0.083333	0.005000	1	0.025000	0.005000	0.005000
126	-0.484848	0.083333	0.005000	1	0.025000	0.005000	0.005000
127	-0.489899	0.083333	0.005000	1	0.025000	0.005000	0.005000
128	-0.494949	0.083333	0.005000	1	0.025000	0.005000	0.005000
129	-0.333333	-0.088384	0.005000	1	0.025000	0.005000	0.005000
130	-0.333333	-0.093434	0.005000	1	0.025000	0.005000	0.005000
131	-0.333333	-0.098485	0.005000	1	0.025000	0.005000	0.005000
132	-0.333333	-0.103535	0.005000	1	0.025000	0.005000	0.005000
133	-0.333333	-0.108586	0.005000	1	0.025000	0.005000	0.005000
134	-0.333333	-0.113636	0.005000	1	0.025000	0.005000	0.005000
135	-0.333333	-0.118687	0.005000	1	0.025000	0.005000	0.005000
136	-0.333333	-0.123737	0.005000	1	0.025000	0.005000	0.005000
137	-0.333333	-0.128788	0.005000	1	0.025000	0.005000	0.005000
138	-0.333333	-0.133838	0.005000	1	0.025000	0.005000	0.005000
139	-0.333333	-0.138889	0.005000	1	0.025000	0.005000	0.005000
140	-0.333333	-0.143939	0.005000	1	0.025000	0.005000	0.005000
141	-0.333333	-0.148990	0.005000	1	0.025000	0.005000	0.005000
142	-0.333333	-0.154040	0.005000	1	0.025000	0.005000	0.005000
143	-0.333333	-0.159091	0.005000	1	0.025000	0.005000	0.005000
144	-0.333333	-0.164141	0.005000	1	0.025000	0.005000	0.005000
145	-0.333333	-0.169192	0.005000	1	0.025000	0.005000	0.005000
146	-0.333333	-0.174242	0.005000	1	0.025000	0.005000	0.005000
147	-0.333333	-0.179293	0.005000	1	0.025000	0.005000	0.005000
148	-0.333333	-0.184343	0.005000	1	0.025000	0.005000	0.005000
149	-0.333333	-0.189394	0.005000	1	0.025000	0.005000	0.005000
150	-0.333333	-0.194444	0.005000	1	0.025000	0.005000	0.005000
151	-0.333333	-0.199495	0.005000	1	0.025000	0.005000	0.005000
152	-0.333333	-0.204545	0.005000	1	0.025000	0.005000	0.005000
153	-0.333333	-0.209596	0.005000	1	0.025000	0.005000	0.005000
154	-0.333333	-0.214646	0.005000	1	0.025000	0.005000	0.005000
155	-0.333333	-0.219697	0.005000	1	0.025000	0.005000	0.005000
156	-0.333333	-0.224747	0.005000	1	0.025000	0.005000	0.005000
157	-0.333333	-0.229798	0.005000	1	0.025000	0.005000	0.005000
158	-0.333333	-0.234848	0.005000	1	0.025000	0.005000	0.005000
159	-0.333333	-0.239899	0.005000	1	0.025000	0.005000	0.005000
160	-0.333333	-0.244949	0.005000	1	0.025000	0.005000	0.005000
161	-0.333333	-0.250000	0.005000	1	0.025000	0.005000	0.005000
162	-0.328283	-0.250000	0.005000	1	0.025000	0.005000	0.005000
163	-0.323232	-0.250000	0.005000	1	0.025000	0.005000	0.005000
164	-0.318182	-0.250000	0.005000	1	0.025000	0.005000	0.005000
165	-0.313131	-0.250000	0.005000	1	0.025000	0.005000	0.005000
166	-0.308081	-0.250000	0.005000	1	0.025000	0.005000	0.005000
167	-0.303030	-0.250000	0.005000	1	0.025000	0.005000	0.005000
168	-0.297980	-0.250000	0.005000	1	0.025000	0.005000	0.005000
169	-0.292929	-0.250000	0.005000	1	0.025000	0.005000	0.005000
170	-0.287879	-0.250000	0.005000	1	0.025000	0.005000	0.005000
171	-0.282828	-0.250000	0.005000	1	0.025000	0.005000	0.005000
172	-0.277778	-0.250000	0.005000	1	0.025000	0.005000	0.005000
173	-0.272727	-0.250000	0.005000	1	0.025000	0.005000	0.005000
174	-0.267677	-0.250000	0.005000	1	0.025000	0.005000	0.005000
175	-0.262626	-0.250000	0.005000	1	0.025000	0.005000	0.005000
176	-0.257576	-0.250000	0.005000	1	0.025000	0.005000	0.005000
177	-0.252525	-0.250000	0.005000	1	0.025000	0.005000	0.005000
178	-0.247475	-0.250000	0.005000	1	0.025000	0.005000	0.005000
179	-0.242424	-0.250000	0.005000	1	0.025000	0.005000	0.005000
180	-0.237374	-0.250000	0.005000	1	0.025000	0.005000	0.005000
181	-0.232323	-0.250000	0.005000	1	0.025000	0.005000	0.005000
182	-0.227273	-0.250000	0.005000	1	0.025000	0.005000	0.005000
183	-0.222222	-0.250000	0.005000	1	0.025000	0.005000	0.005000
184	-0.217172	-0.250000	0.005000	1	0.025000	0.005000	0.005000
185	-0.212121	-0.250000	0.005000	1	0.025000	0.005000	0.005000
186	-0.207071	-0.250000	0.005000	1	0.025000	0.005000	0.005000
187	-0.202020	-0.250000	0.005000	1	0.025000	0.005000	0.005000
188	-0.196970	-0.250000	0.005000	1	0.025000	0.005000	0.005000
189	-0.191919	-0.250000	0.005000	1	0.025000	0.005000	0.005000
190	-0.186869	-0.250000	0.005000	1	0.025000	0.005000	0.005000
191	-0.181818	-0.250000	0.005000	1	0.025000	0.005000	0.005000
192	-0.176768	-0.250000	0.005000	1	0.025000	0.005000	0.005000
193	-0.171717	-0.250000	0.005000	1	0.025000	0.005000	0.005000
194	-0.166667	-0.250000	0.005000	1	0.025000	0.005000	0.005000
195	-0.166667	-0.244949	0.005000	1	0.025000	0.005000	0.005000
196	-0.166667	-0.239899	0.005000	1	0.025000	0.005000	0.005000
197	-0.166667	-0.234848	0.005000	1	0.025000	0.005000	0.005000
198	-0.166667	-0.229798	0.005000	1	0.025000	0.005000	0.005000
199	-0.166667	-0.224747	0.005000	1	0.025000	0.005000	0.005000
200	-0.166667	-0.219697	0.005000	1	0.025000	0.005000	0.005000
201	-0.166667	-0.214646	0.005000	1	0.025000	0.005000	0.005000
202	-0.166667	-0.209596	0.005000	1	0.025000	0.005000	0.005000
203	-0.166667	-0.204545	0.005000	1	0.025000	0.005000	0.005000
204	-0.166667	-0.199495	0.005000	1	0.025000	0.005000	0.005000
205	-0.166667	-0.194444	0.005000	1	0.025000	0.005000	0.005000
206	-0.166667	-0.189394	0.005000	1	0.025000	0.005000	0.005000
207	-0.166667	-0.184343	0.005000	1	0.025000	0.005000	0.005000
208	-0.166667	-0.179293	0.005000	1	0.025000	0.005000	0.005000
209	-0.166667	-0.174242	0.005000	1	0.025000	0.005000	0.005000
210	-0.166667	-0.169192	0.005000	1	0.025000	0.005000	0.005000
211	-0.166667	-0.164141	0.005000	1	0.025000	0.005000	0.005000
212	-0.166667	-0.159091	0.005000	1	0.025000	0.005000	0.005000
213	-0.166667	-0.154040	0.005000	1	0.025000	0.005000	0.005000
214	-0.166667	-0.148990	0.005000	1	0.025000	0.005000	0.005000
215	-0.166667	-0.143939	0.005000	1	0.025000	0.005000	0.005000
216	-0.166667	-0.138889	0.005000	1	0.025000	0.005000	0.005000
217	-0.166667	-0.133838	0.005000	1	0.025000	0.005000	0.005000
218	-0.166667	-0.128788	0.005000	1	0.025000	0.005000	0.005000
219	-0.166667	-0.123737	0.005000	1	0.025000	0.005000	0.005000
220	-0.166667	-0.118687	0.005000	1	0.025000	0.005000	0.005000
221	-0.166667	-0.113636	0.005000	1	0.025000	0.005000	0.005000
222	-0.166667	-0.108586	0.005000	1	0.025000	0.005000	0.005000
223	-0.166667	-0.103535	0.005000	1	0.025000	0.005000	0.005000
224	-0.166667	-0.098485	0.005000	1	0.025000	0.005000	0.005000
225	-0.166667	-0.093434	0.005000	1	0.025000	0.005000	0.005000
226	-0.166667	-0.088384	0.005000	1	0.025000	0.005000	0.005000
227	-0.166667	-0.083333	0.005000	1	0.025000	0.005000	0.005000
228	-0.490000	-0.075000	0.008000	0	0.064000	0.008000	0.008000
229	-0.482000	-0.075000	0.008000	0	0.064000	0.008000	0.008000
230	-0.474000	-0.075000	0.008000	0	0.064000	0.008000	0.008000
231	-0.466000	-0.075000	0.008000	0	0.064000	0.008000	0.008000
232	-0.458000	-0.075000	0.008000	0	0.064000	0.008000	0.008000
233	-0.450000	-0.075000	0.008000	0	0.064000	0.008000	0.008000
234	-0.442000	-0.075000	0.008000	0	0.064000	0.008000	0.008000
235	-0.434000	-0.075000	0.008000	0	0.064000	0.008000	0.008000
236	-0.426000	-0.075000	0.008000	0	0.064000	0.008000	0.008000
237	-0.418000	-0.075000	0.008000	0	0.064000	0.008000	0.008000
238	-0.410000	-0.075000	0.008000	0	0.064000	0.008000	0.008000
239	-0.402000	-0.075000	0.008000	0	0.064000	0.008000	0.008000
240	-0.394000	-0.075000	0.008000	0	0.064000	0.008000	0.008000
241	-0.386000	-0.075000	0.008000	0	0.064000	0.008000	0.008000
242	-0.378000	-0.075000	0.008000	0	0.064000	0.008000	0.008000
243	-0.370000	-0.075000	0.008000	0	0.064000	0.008000	0.008000
244	-0.362000	-0.075000	0.008000	0	0.064000	0.008000	0.008000
245	-0.354000	-0.075000	0.008000	0	0.064000	0.008000	0.008000
246	-0.346000	-0.075000	0.008000	0	0.064000	0.008000	0.008000
247	-0.490000	-0.067000	0.008000	0	0.064000	0.008000	0.008000
248	-0.482000	-0.067000	0.008000	0	0.064000	0.008000	0.008000
249	-0.474000	-0.067000	0.008000	0	0.064000	0.008000	0.008000
250	-0.466000	-0.067000	0.008000	0	0.064000	0.008000	0.008000
251	-0.458000	-0.067000	0.008000	0	0.064000	0.008000	0.008000
252	-0.450000	-0.067000	0.008000	0	0.064000	0.008000	0.008000
253	-0.442000	-0.067000	0.008000	0	0.064000	0.008000	0.008000
254	-0.434000	-0.067000	0.008000	0	0.064000	0.008000	0.008000
255	-0.426000	-0.067000	0.008000	0	0.064000	0.008000	0.008000
256	-0.418000	-0.067000	0.008000	0	0.064000	0.008000	0.008000
257	-0.410000	-0.067000	0.008000	0	0.064000	0.008000	0.008000
258	-0.402000	-0.067000	0.008000	0	0.064000	0.008000	0.008000
259	-0.394000	-0.067000	0.008000	0	0.064000	0.008000	0.008000
260	-0.386000	-0.067000	0.008000	0	0.064000	0.008000	0.008000
261	-0.378000	-0.067000	0.008000	0	0.064000	0.008000	0.008000
262	-0.370000	-0.067000	0.008000	0	0.064000	0.008000	0.008000
263	-0.362000	-0.067000	0.008000	0	0.064000	0.008000	0.008000
264	-0.354000	-0.067000	0.008000	0	0.064000	0.008000	0.008000
265	-0.346000	-0.067000	0.008000	0	0.064000	0.008000	0.008000
266	-0.490000	-0.059000	0.008000	0	0.064000	0.008000	0.008000
267	-0.482000	-0.059000	0.008000	0	0.064000	0.008000	0.008000
268	-0.474000	-0.059000	0.008000	0	0.064000	0.008000	0.008000
269	-0.466000	-0.059000	0.008000	0	0.064000	0.008000	0.008000
270	-0.458000	-0.059000	0.008000	0	0.064000	0.008000	0.008000
271	-0.450000	-0.059000	0.008000	0	0.064000	0.008000	0.008000
272	-0.442000	-0.059000	0.008000	0	0.064000	0.008000	0.008000
273	-0.434000	-0.059000	0.008000	0	0.064000	0.008000	0.008000
274	-0.426000	-0.059000	0.008000	0	0.064000	0.008000	0.008000
275	-0.418000	-0.059000	0.008000	0	0.064000	0.008000	0.008000
276	-0.410000	-0.059000	0.008000	0	0.064000	0.008000	0.008000
277	-0.402000	-0.059000	0.008000	0	0.064000	0.008000	0.008000
278	-0.394000	-0.059000	0.008000	0	0.064000	0.008000	0.008000
279	-0.386000	-0.059000	0.008000	0	0.064000	0.008000	0.008000
280	-0.378000	-0.059000	0.008000	0	0.064000	0.008000	0.008000
281	-0.370000	-0.059000	0.008000	0	0.064000	0.008000	0.008000
282	-0.362000	-0.059000	0.008000	0	0.064000	0.008000	0.008000
283	-0.354000	-0.059000	0.008000	0	0.064000	0.008000	0.008000
284	-0.346000	-0.059000	0.008000	0	0.064000	0.008000	0.008000
285	-0.490000	-0.051000	0.008000	0	0.064000	0.008000	0.008000
286	-0.482000	-0.051000	0.008000	0	0.064000	0.008000	0.008000
287	-0.474000	-0.051000	0.008000	0	0.064000	0.008000	0.008000
288	-0.466000	-0.051000	0.008000	0	0.064000	0.008000	0.008000
289	-0.458000	-0.051000	0.008000	0	0.064000	0.008000	0.008000
290	-0.450000	-0.051000	0.008000	0	0.064000	0.008000	0.008000
291	-0.442000	-0.051000	0.008000	0	0.064000	0.008000	0.008000
292	-0.434000	-0.051000	0.008000	0	0.064000	0.008000	0.008000
293	-0.426000	-0.051000	0.008000	0	0.064000	0.008000	0.008000
294	-0.418000	-0.051000	0.008000	0	0.064000	0.008000	0.008000
295	-0.410000	-0.051000	0.008000	0	0.064000	0.008000	0.008000
296	-0.402000	-0.051000	0.008000	0	0.064000	0.008000	0.008000
297	-0.394000	-0.051000	0.008000	0	0.064000	0.008000	0.008000
298	-0.386000	-0.051000	0.008000	0	0.064000	0.008000	0.008000
299	-0.378000	-0.051000	0.008000	0	0.064000	0.008000	0.008000
300	-0.370000	-0.051000	0.008000	0	0.064000	0.008000	0.008000
301	-0.362000	-0.051000	0.008000	0	0.064000	0.008000	0.008000
302	-0.354000	-0.051000	0.008000	0	0.064000	0.008000	0.008000
303	-0.346000	-0.051000	0.008000	0	0.064000	0.008000	0.008000
304	-0.490000	-0.043000	0.008000	0	0.064000	0.008000	0.008000
305	-0.482000	-0.043000	0.008000	0	0.064000	0.008000	0.008000
306	-0.474000	-0.043000	0.008000	0	0.064000	0.008000	0.008000
307	-0.466000	-0.043000	0.008000	0	0.064000	0.008000	0.008000
308	-0.458000	-0.043000	0.008000	0	0.064000	0.008000	0.008000
309	-0.450000	-0.043000	0.008000	0	0.064000	0.008000	0.008000
310	-0.442000	-0.043000	0.008000	0	0.064000	0.008000	0.008000
311	-0.434000	-0.043000	0.008000	0	0.064000	0.008000	0.008000
312	-0.426000	-0.043000	0.008000	0	0.064000	0.008000	0.008000
313	-0.418000	-0.043000	0.008000	0	0.064000	0.008000	0.008000
314	-0.410000	-0.043000	0.008000	0	0.064000	0.008000	0.008000
315	-0.402000	-0.043000	0.008000	0	0.064000	0.008000	0.008000
316	-0.394000	-0.043000	0.008000	0	0.064000	0.008000	0.008000
317	-0.386000	-0.043000	0.008000	0	0.064000	0.008000	0.008000
318	-0.378000	-0.043000	0.008000	0	0.064000	0.008000	0.008000
319	-0.370000	-0.043000	0.008000	0	0.064000	0.008000	0.008000
320	-0.362000	-0.043000	0.008000	0	0.064000	0.008000	0.008000
321	-0.354000	-0.043000	0.008000	0	0.064000	0.008000	0.008000
322	-0.346000	-0.043000	0.008000	0	0.064000	0.008000	0.008000
323	-0.490000	-0.035000	0.008000	0	0.064000	0.008000	0.008000
324	-0.482000	-0.035000	0.008000	0	0.064000	0.008000	0.008000
325	-0.474000	-0.035000	0.008000	0	0.064000	0.008000	0.008000
326	-0.466000	-0.035000	0.008000	0	0.064000	0.008000	0.008000
327	-0.458000	-0.035000	0.008000	0	0.064000	0.008000	0.008000
328	-0.450000	-0.035000	0.008000	0	0.064000	0.008000	0.008000
329	-0.442000	-0.035000	0.008000	0	0.064000	0.008000	0.008000
330	-0.434000	-0.035000	0.008000	0	0.064000	0.008000	0.008000
331	-0.426000	-0.035000	0.008000	0	0.064000	0.008000	0.008000
332	-0.418000	-0.035000	0.008000	0	0.064000	0.008000	0.008000
333	-0.410000	-0.035000	0.008000	0	0.064000	0.008000	0.008000
334	-0.402000	-0.035000	0.008000	0	0.064000	0.008000	0.008000
335	-0.394000	-0.035000	0.008000	0	0.064000	0.008000	0.008000
336	-0.386000	-0.035000	0.008000	0	0.064000	0.008000	0.008000
337	-0.378000	-0.035000	0.008000	0	0.064000	0.008000	0.008000
338	-0.370000	-0.035000	0.008000	0	0.064000	0.008000	0.008000
339	-0.362000	-0.035000	0.008000	0	0.064000	0.008000	0.008000
340	-0.354000	-0.035000	0.008000	0	0.064000	0.008000	0.008000
341	-0.346000	-0.035000	0.008000	0	0.064000	0.008000	0.008000
342	-0.490000	-0.027000	0.008000	0	0.064000	0.008000	0.008000
343	-0.482000	-0.027000	0.008000	0	0.064000	0.008000	0.008000
344	-0.474000	-0.027000	0.008000	0	0.064000	0.008000	0.008000
345	-0.466000	-0.027000	0.008000	0	0.064000	0.008000	0.008000
346	-0.458000	-0.027000	0.008000	0	0.064000	0.008000	0.008000
347	-0.450000	-0.027000	0.008000	0	0.064000	0.008000	0.008000
348	-0.442000	-0.027000	0.008000	0	0.064000	0.008000	0.008000
349	-0.434000	-0.027000	0.008000	0	0.064000	0.008000	0.008000
350	-0.426000	-0.027000	0.008000	0	0.064000	0.008000	0.008000
351	-0.418000	-0.027000	0.008000	0	0.064000	0.008000	0.008000
352	-0.410000	-0.027000	0.008000	0	0.064000	0.008000	0.008000
353	-0.402000	-0.027000	0.008000	0	0.064000	0.008000	0.008000
354	-0.394000	-0.027000	0.008000	0	0.064000	0.008000	0.008000
355	-0.386000	-0.027000	0.008000	0	0.064000	0.008000	0.008000
356	-0.378000	-0.027000	0.008000	0	0.064000	0.008000	0.008000
357	-0.370000	-0.027000	0.008000	0	0.064000	0.008000	0.008000
358	-0.362000	-0.027000	0.008000	0	0.064000	0.008000	0.008000
359	-0.354000	-0.027000	0.008000	0	0.064000	0.008000	0.008000
360	-0.346000	-0.027000	0.008000	0	0.064000	0.008000	0.008000
361	-0.490000	-0.019000	0.008000	0	0.064000	0.008000	0.008000
362	-0.482000	-0.019000	0.008000	0	0.064000	0.008000	0.008000
363	-0.474000	-0.019000	0.008000	0	0.064000	0.008000	0.008000
364	-0.466000	-0.019000	0.008000	0	0.064000	0.008000	0.008000
365	-0.458000	-0.019000	0.008000	0	0.064000	0.008000	0.008000
366	-0.450000	-0.019000	0.008000	0	0.064000	0.008000	0.008000
367	-0.442000	-0.019000	0.008000	0	0.064000	0.008000	0.008000
368	-0.434000	-0.019000	0.008000	0	0.064000	0.008000	0.008000
369	-0.426000	-0.019000	0.008000	0	0.064000	0.008000	0.008000
370	-0.418000	-0.019000	0.008000	0	0.064000	0.008000	0.008000
371	-0.410000	-0.019000	0.008000	0	0.064000	0.008000	0.008000
372	-0.402000	-0.019000	0.008000	0	0.064000	0.008000	0.008000
373	-0.394000	-0.019000	0.008000	0	0.064000	0.008000	0.008000
374	-0.386000	-0.019000	0.008000	0	0.064000	0.008000	0.008000
375	-0.378000	-0.019000	0.008000	0	0.064000	0.008000	0.008000
376	-0.370000	-0.019000	0.008000	0	0.064000	0.008000	0.008000
377	-0.362000	-0.019000	0.008000	0	0.064000	0.008000	0.008000
378	-0.354000	-0.019000	0.008000	0	0.064000	0.008000	0.008000
379	-0.346000	-0.019000	0.008000	0	0.064000	0.008000	0.008000
380	-0.490000	-0.011000	0.008000	0	0.064000	0.008000	0.008000
381	-0.482000	-0.011000	0.008000	0	0.064000	0.008000	0.008000
382	-0.474000	-0.011000	0.008000	0	0.064000	0.008000	0.008000
383	-0.466000	-0.011000	0.008000	0	0.064000	0.008000	0.008000
384	-0.458000	-0.011000	0.008000	0	0.064000	0.008000	0.008000
385	-0.450000	-0.011000	0.008000	0	0.064000	0.008000	0.008000
386	-0.442000	-0.011000	0.008000	0	0.064000	0.008000	0.008000
387	-0.434000	-0.011000	0.008000	0	0.064000	0.008000	0.008000
388	-0.426000	-0.011000	0.008000	0	0.064000	0.008000	0.008000
389	-0.418000	-0.011000	0.008000	0	0.064000	0.008000	0.008000
390	-0.410000	-0.011000	0.008000	0	0.064000	0.008000	0.008000
391	-0.402000	-0.011000	0.008000	0	0.064000	0.008000	0.008000
392	-0.394000	-0.011000	0.008000	0	0.064000	0.008000	0.008000
393	-0.386000	-0.011000	0.008000	0	0.064000	0.008000	0.008000
394	-0.378000	-0.011000	0.008000	0	0.064000	0.008000	0.008000
395	-0.370000	-0.011000	0.008000	0	0.064000	0.008000	0.008000
396	-0.362000	-0.011000	0.008000	0	0.064000	0.008000	0.008000
397	-0.354000	-0.011000	0.008000	0	0.064000	0.008000	0.008000
398	-0.346000	-0.011000	0.008000	0	0.064000	0.008000	0.008000
399	-0.490000	-0.003000	0.008000	0	0.064000	0.008000	0.008000
400	-0.482000	-0.003000	0.008000	0	0.064000	0.008000	0.008000
401	-0.474000	-0.003000	0.008000	0	0.064000	0.008000	0.008000
402	-0.466000	-0.003000	0.008000	0	0.064000	0.008000	0.008000
403	-0.458000	-0.003000	0.008000	0	0.064000	0.008000	0.008000
404	-0.450000	-0.003000	0.008000	0	0.064000	0.008000	0.008000
405	-0.442000	-0.003000	0.008000	0	0.064000	0.008000	0.008000
406	-0.434000	-0.003000	0.008000	0	0.064000	0.008000	0.008000
407	-0.426000	-0.003000	0.008000	0	0.064000	0.008000	0.008000
408	-0.418000	-0.003000	0.008000	0	0.064000	0.008000	0.008000
409	-0.410000	-0.003000	0.008000	0	0.064000	0.008000	0.008000
410	-0.402000	-0.003000	0.008000	0	0.064000	0.008000	0.008000
411	-0.394000	-0.003000	0.008000	0	0.064000	0.008000	0.008000
412	-0.386000	-0.003000	0.008000	0	0.064000	0.008000	0.008000
413	-0.378000	-0.003000	0.008000	0	0.064000	0.008000	0.008000
414	-0.370000	-0.003000	0.008000	0	0.064000	0.008000	0.008000
415	-0.362000	-0.003000	0.008000	0	0.064000	0.008000	0.008000
416	-0.354000	-0.003000	0.008000	0	0.064000	0.008000	0.008000
417	-0.346000	-0.003000	0.008000	0	0.064000	0.008000	0.008000
418	-0.490000	0.005000	0.008000	0	0.064000	0.008000	0.008000
419	-0.482000	0.005000	0.008000	0	0.064000	0.008000	0.008000
420	-0.474000	0.005000	0.008000	0	0.064000	0.008000	0.008000
421	-0.466000	0.005000	0.008000	0	0.064000	0.008000	0.008000
422	-0.458000	0.005000	0.008000	0	0.064000	0.008000	0.008000
423	-0.450000	0.005000	0.008000	0	0.064000	0.008000	0.008000
424	-0.442000	0.005000	0.008000	0	0.064000	0.008000	0.008000
425	-0.434000	0.005000	0.008000	0	0.064000	0.008000	0.008000
426	-0.426000	0.005000	0.008000	0	0.064000	0.008000	0.008000
427	-0.418000	0.005000	0.008000	0	0.064000	0.008000	0.008000
428	-0.410000	0.005000	0.008000	0	0.064000	0.008000	0.008000
429	-0.402000	0.005000	0.008000	0	0.064000	0.008000	0.008000
430	-0.394000	0.005000	0.008000	0	0.064000	0.008000	0.008000
431	-0.386000	0.005000	0.008000	0	0.064000	0.008000	0.008000
432	-0.378000	0.005000	0.008000	0	0.064000	0.008000	0.008000
433	-0.370000	0.005000	0.008000	0	0.064000	0.008000	0.008000
434	-0.362000	0.005000	0.008000	0	0.064000	0.008000	0.008000
435	-0.354000	0.005000	0.008000	0	0.064000	0.008000	0.008000
436	-0.346000	0.005000	0.008000	0	0.064000	0.008000	0.008000
437	-0.490000	0.013000	0.008000	0	0.064000	0.008000	0.008000
438	-0.482000	0.013000	0.008000	0	0.064000	0.008000	0.008000
439	-0.474000	0.013000	0.008000	0	0.064000	0.008000	0.008000
440	-0.466000	0.013000	0.008000	0	0.064000	0.008000	0.008000
441	-0.458000	0.013000	0.008000	0	0.064000	0.008000	0.008000
442	-0.450000	0.013000	0.008000	0	0.064000	0.008000	0.008000
443	-0.442000	0.013000	0.008000	0	0.064000	0.008000	0.008000
444	-0.434000	0.013000	0.008000	0	0.064000	0.008000	0.008000
445	-0.426000	0.013000	0.008000	0	0.064000	0.008000	0.008000
446	-0.418000	0.013000	0.008000	0	0.064000	0.008000	0.008000
447	-0.410000	0.013000	0.008000	0	0.064000	0.008000	0.008000
448	-0.402000	0.013000	0.008000	0	0.064000	0.008000	0.008000
449	-0.394000	0.013000	0.008000	0	0.064000	0.008000	0.008000
450	-0.386000	0.013000	0.008000	0	0.064000	0.008000	0.008000
451	-0.378000	0.013000	0.008000	0	0.064000	0.008000	0.008000
452	-0.370000	0.013000	0.008000	0	0.064000	0.008000	0.008000
453	-0.362000	0.013000	0.008000	0	0.064000	0.008000	0.008000
454	-0.354000	0.013000	0.008000	0	0.064000	0.008000	0.008000
455	-0.346000	0.013000	0.008000	0	0.064000	0.008000	0.008000
456	-0.490000	0.021000	0.008000	0	0.064000	0.008000	0.008000
457	-0.482000	0.021000	0.008000	0	0.064000	0.008000	0.008000
458	-0.474000	0.021000	0.008000	0	0.064000	0.008000	0.008000
459	-0.466000	0.021000	0.008000	0	0.064000	0.008000	0.008000
460	-0.458000	0.021000	0.008000	0	0.064000	0.008000	0.008000
461	-0.450000	0.021000	0.008000	0	0.064000	0.008000	0.008000
462	-0.442000	0.021000	0.008000	0	0.064000	0.008000	0.008000
463	-0.434000	0.021000	0.008000	0	0.064000	0.008000	0.008000
464	-0.426000	0.021000	0.008000	0	0.064000	0.008000	0.008000
465	-0.418000	0.021000	0.008000	0	0.064000	0.008000	0.008000
466	-0.410000	0.021000	0.008000	0	0.064000	0.008000	0.008000
467	-0.402000	0.021000	0.008000	0	0.064000	0.008000	0.008000
468	-0.394000	0.021000	0.008000	0	0.064000	0.008000	0.008000
469	-0.386000	0.021000	0.008000	0	0.064000	0.008000	0.008000
470	-0.378000	0.021000	0.008000	0	0.064000	0.008000	0.008000
471	-0.370000	0.021000	0.008000	0	0.064000	0.008000	0.008000
472	-0.362000	0.021000	0.008000	0	0.064000	0.008000	0.008000
473	-0.354000	0.021000	0.008000	0	0.064000	0.008000	0.008000
474	-0.346000	0.021000	0.008000	0	0.064000	0.008000	0.008000
475	-0.490000	0.029000	0.008000	0	0.064000	0.008000	0.008000
476	-0.482000	0.029000	0.008000	0	0.064000	0.008000	0.008000
477	-0.474000	0.029000	0.008000	0	0.064000	0.008000	0.008000
478	-0.466000	0.029000	0.008000	0	0.064000	0.008000	0.008000
479	-0.458000	0.029000	0.008000	0	0.064000	0.008000	0.008000
480	-0.450000	0.029000	0.008000	0	0.064000	0.008000	0.008000
481	-0.442000	0.029000	0.008000	0	0.064000	0.008000	0.008000
482	-0.434000	0.029000	0.008000	0	0.064000	0.008000	0.008000
483	-0.426000	0.029000	0.008000	0	0.064000	0.008000	0.008000
484	-0.418000	0.029000	0.008000	0	0.064000	0.008000	0.008000
485	-0.410000	0.029000	0.008000	0	0.064000	0.008000	0.008000
486	-0.402000	0.029000	0.008000	0	0.064000	0.008000	0.008000
487	-0.394000	0.029000	0.008000	0	0.064000	0.008000	0.008000
488	-0.386000	0.029000	0.008000	0	0.064000	0.008000	0.008000
489	-0.378000	0.029000	0.008000	0	0.064000	0.008000	0.008000
490	-0.370000	0.029000	0.008000	0	0.064000	0.008000	0.008000
491	-0.362000	0.029000	0.008000	0	0.064000	0.008000	0.008000
492	-0.354000	0.029000	0.008000	0	0.064000	0.008000	0.008000
493	-0.346000	0.029000	0.008000	0	0.064000	0.008000	0.008000
494	-0.490000	0.037000	0.008000	0	0.064000	0.008000	0.008000
495	-0.482000	0.037000	0.008000	0	0.064000	0.008000	0.008000
496	-0.474000	0.037000	0.008000	0	0.064000	0.008000	0.008000
497	-0.466000	0.037000	0.008000	0	0.064000	0.008000	0.008000
498	-0.458000	0.037000	0.008000	0	0.064000	0.008000	0.008000
499	-0.450000	0.037000	0.008000	0	0.064000	0.008000	0.008000
500	-0.442000	0.037000	0.008000	0	0.064000	0.008000	0.008000
501	-0.434000	0.037000	0.008000	0	0.064000	0.008000	0.008000
502	-0.426000	0.037000	0.008000	0	0.064000	0.008000	0.008000
503	-0.418000	0.037000	0.008000	0	0.064000	0.008000	0.008000
504	-0.410000	0.037000	0.008000	0	0.064000	0.008000	0.008000
505	-0.402000	0.037000	0.008000	0	0.064000	0.008000	0.008000
506	-0.394000	0.037000	0.008000	0	0.064000	0.008000	0.008000
507	-0.386000	0.037000	0.008000	0	0.064000	0.008000	0.008000
508	-0.378000	0.037000	0.008000	0	0.064000	0.008000	0.008000
509	-0.370000	0.037000	0.008000	0	0.064000	0.008000	0.008000
510	-0.362000	0.037000	0.008000	0	0.064000	0.008000	0.008000
511	-0.354000	0.037000	0.008000	0	0.064000	0.008000	0.008000
512	-0.346000	0.037000	0.008000	0	0.064000	0.008000	0.008000
513	-0.490000	0.045000	0.008000	0	0.064000	0.008000	0.008000
514	-0.482000	0.045000	0.008000	0	0.064000	0.008000	0.008000
515	-0.474000	0.045000	0.008000	0	0.064000	0.008000	0.008000
516	-0.466000	0.045000	0.008000	0	0.064000	0.008000	0.008000
517	-0.458000	0.045000	0.008000	0	0.064000	0.008000	0.008000
518	-0.450000	0.045000	0.008000	0	0.064000	0.008000	0.008000
519	-0.442000	0.045000	0.008000	0	0.064000	0.008000	0.008000
520	-0.434000	0.045000	0.008000	0	0.064000	0.008000	0.008000
521	-0.426000	0.045000	0.008000	0	0.064000	0.008000	0.008000
522	-0.418000	0.045000	0.008000	0	0.064000	0.008000	0.008000
523	-0.410000	0.045000	0.008000	0	0.064000	0.008000	0.008000
524	-0.402000	0.045000	0.008000	0	0.064000	0.008000	0.008000
525	-0.394000	0.045000	0.008000	0	0.064000	0.008000	0.008000
526	-0.386000	0.045000	0.008000	0	0.064000	0.008000	0.008000
527	-0.378000	0.045000	0.008000	0	0.064000	0.008000	0.008000
528	-0.370000	0.045000	0.008000	0	0.064000	0.008000	0.008000
529	-0.362000	0.045000	0.008000	0	0.064000	0.008000	0.008000
530	-0.354000	0.045000	0.008000	0	0.064000	0.008000	0.008000
531	-0.346000	0.045000	0.008000	0	0.064000	0.008000	0.008000
532	-0.490000	0.053000	0.008000	0	0.064000	0.008000	0.008000
533	-0.482000	0.053000	0.008000	0	0.064000	0.008000	0.008000
534	-0.474000	0.053000	0.008000	0	0.064000	0.008000	0.008000
535	-0.466000	0.053000	0.008000	0	0.064000	0.008000	0.008000
536	-0.458000	0.053000	0.008000	0	0.064000	0.008000	0.008000
537	-0.450000	0.053000	0.008000	0	0.064000	0.008000	0.008000
538	-0.442000	0.053000	0.008000	0	0.064000	0.008000	0.008000
539	-0.434000	0.053000	0.008000	0	0.064000	0.008000	0.008000
540	-0.426000	0.053000	0.008000	0	0.064000	0.008000	0.008000
541	-0.418000	0.053000	0.008000	0	0.064000	0.008000	0.008000
542	-0.410000	0.053000	0.008000	0	0.064000	0.008000	0.008000
543	-0.402000	0.053000	0.008000	0	0.064000	0.008000	0.008000
544	-0.394000	0.053000	0.008000	0	0.064000	0.008000	0.008000
545	-0.386000	0.053000	0.008000	0	0.064000	0.008000	0.008000
546	-0.378000	0.053000	0.008000	0	0.064000	0.008000	0.008000
547	-0.370000	0.053000	0.008000	0	0.064000	0.008000	0.008000
548	-0.362000	0.053000	0.008000	0	0.064000	0.008000	0.008000
549	-0.354000	0.053000	0.008000	0	0.064000	0.008000	0.008000
550	-0.346000	0.053000	0.008000	0	0.064000	0.008000	0.008000
551	-0.490000	0.061000	0.008000	0	0.064000	0.008000	0.008000
552	-0.482000	0.061000	0.008000	0	0.064000	0.008000	0.008000
553	-0.474000	0.061000	0.008000	0	0.064000	0.008000	0.008000
554	-0.466000	0.061000	0.008000	0	0.064000	0.008000	0.008000
555	-0.458000	0.061000	0.008000	0	0.064000	0.008000	0.008000
556	-0.450000	0.061000	0.008000	0	0.064000	0.008000	0.008000
557	-0.442000	0.061000	0.008000	0	0.064000	0.008000	0.008000
558	-0.434000	0.061000	0.008000	0	0.064000	0.008000	0.008000
559	-0.426000	0.061000	0.008000	0	0.064000	0.008000	0.008000
560	-0.418000	0.061000	0.008000	0	0.064000	0.008000	0.008000
561	-0.410000	0.061000	0.008000	0	0.064000	0.008000	0.008000
562	-0.402000	0.061000	0.008000	0	0.064000	0.008000	0.008000
563	-0.394000	0.061000	0.008000	0	0.064000	0.008000	0.008000
564	-0.386000	0.061000	0.008000	0	0.064000	0.008000	0.008000
565	-0.378000	0.061000	0.008000	0	0.064000	0.008000	0.008000
566	-0.370000	0.061000	0.008000	0	0.064000	0.008000	0.008000
567	-0.362000	0.061000	0.008000	0	0.064000	0.008000	0.008000
568	-0.354000	0.061000	0.008000	0	0.064000	0.008000	0.008000
569	-0.346000	0.061000	0.008000	0	0.064000	0.008000	0.008000
570	-0.490000	0.069000	0.008000	0	0.064000	0.008000	0.008000
571	-0.482000	0.069000	0.008000	0	0.064000	0.008000	0.008000
572	-0.474000	0.069000	0.008000	0	0.064000	0.008000	0.008000
573	-0.466000	0.069000	0.008000	0	0.064000	0.008000	0.008000
574	-0.458000	0.069000	0.008000	0	0.064000	0.008000	0.008000
575	-0.450000	0.069000	0.008000	0	0.064000	0.008000	0.008000
576	-0.442000	0.069000	0.008000	0	0.064000	0.008000	0.008000
577	-0.434000	0.069000	0.008000	0	0.064000	0.008000	0.008000
578	-0.426000	0.069000	0.008000	0	0.064000	0.008000	0.008000
579	-0.418000	0.069000	0.008000	0	0.064000	0.008000	0.008000
580	-0.410000	0.069000	0.008000	0	0.064000	0.008000	0.008000
581	-0.402000	0.069000	0.008000	0	0.064000	0.008000	0.008000
582	-0.394000	0.069000	0.008000	0	0.064000	0.008000	0.008000
583	-0.386000	0.069000	0.008000	0	0.064000	0.008000	0.008000
584	-0.378000	0.069000	0.008000	0	0.064000	0.008000	0.008000
585	-0.370000	0.069000	0.008000	0	0.064000	0.008000	0.008000
586	-0.362000	0.069000	0.008000	0	0.064000	0.008000	0.008000
587	-0.354000	0.069000	0.008000	0	0.064000	0.008000	0.008000
588	-0.346000	0.069000	0.008000	0	0.064000	0.008000	0.008000
589	-0.490000	0.077000	0.008000	0	0.064000	0.008000	0.008000
590	-0.482000	0.077000	0.008000	0	0.064000	0.008000	0.008000
591	-0.474000	0.077000	0.008000	0	0.064000	0.008000	0.008000
592	-0.466000	0.077000	0.008000	0	0.064000	0.008000	0.008000
593	-0.458000	0.077000	0.008000	0	0.064000	0.008000	0.008000
594	-0.450000	0.077000	0.008000	0	0.064000	0.008000	0.008000
595	-0.442000	0.077000	0.008000	0	0.064000	0.008000	0.008000
596	-0.434000	0.077000	0.008000	0	0.064000	0.008000	0.008000
597	-0.426000	0.077000	0.008000	0	0.064000	0.008000	0.008000
598	-0.418000	0.077000	0.008000	0	0.064000	0.008000	0.008000
599	-0.410000	0.077000	0.008000	0	0.064000	0.008000	0.008000
600	-0.402000	0.077000	0.008000	0	0.064000	0.008000	0.008000
601	-0.394000	0.077000	0.008000	0	0.064000	0.008000	0.008000
602	-0.386000	0.077000	0.008000	0	0.064000	0.008000	0.008000
603	-0.378000	0.077000	0.008000	0	0.064000	0.008000	0.008000
604	-0.370000	0.077000	0.008000	0	0.064000	0.008000	0.008000
605	-0.362000	0.077000	0.008000	0	0.064000	0.008000	0.008000
606	-0.354000	0.077000	0.008000	0	0.064000	0.008000	0.008000
607	-0.346000	0.077000	0.008000	0	0.064000	0.008000	0.008000
