id	posx	posy	h	type	mass	dx	dy
0	-0.500000	0.072464	0.004348	1	0.018904	0.004348	0.004348
1	-0.500000	0.068072	0.004348	1	0.018904	0.004348	0.004348
2	-0.500000	0.063680	0.004348	1	0.018904	0.004348	0.004348
3	-0.500000	0.059289	0.004348	1	0.018904	0.004348	0.004348
4	-0.500000	0.054897	0.004348	1	0.018904	0.004348	0.004348
5	-0.500000	0.050505	0.004348	1	0.018904	0.004348	0.004348
6	-0.500000	0.046113	0.004348	1	0.018904	0.004348	0.004348
7	-0.500000	0.041722	0.004348	1	0.018904	0.004348	0.004348
8	-0.500000	0.037330	0.004348	1	0.018904	0.004348	0.004348
9	-0.500000	0.032938	0.004348	1	0.018904	0.004348	0.004348
10	-0.500000	0.028546	0.004348	1	0.018904	0.004348	0.004348
11	-0.500000	0.024155	0.004348	1	0.018904	0.004348	0.004348
12	-0.500000	0.019763	0.004348	1	0.018904	0.004348	0.004348
13	-0.500000	0.015371	0.004348	1	0.018904	0.004348	0.004348
14	-0.500000	0.010979	0.004348	1	0.018904	0.004348	0.004348
15	-0.500000	0.006588	0.004348	1	0.018904	0.004348	0.004348
16	-0.500000	0.002196	0.004348	1	0.018904	0.004348	0.004348
17	-0.500000	-0.002196	0.004348	1	0.018904	0.004348	0.004348
18	-0.500000	-0.006588	0.004348	1	0.018904	0.004348	0.004348
19	-0.500000	-0.010979	0.004348	1	0.018904	0.004348	0.004348
20	-0.500000	-0.015371	0.004348	1	0.018904	0.004348	0.004348
21	-0.500000	-0.019763	0.004348	1	0.018904	0.004348	0.004348
22	-0.500000	-0.024155	0.004348	1	0.018904	0.004348	0.004348
23	-0.500000	-0.028546	0.004348	1	0.018904	0.004348	0.004348
24	-0.500000	-0.032938	0.004348	1	0.018904	0.004348	0.004348
25	-0.500000	-0.037330	0.004348	1	0.018904	0.004348	0.004348
26	-0.500000	-0.041722	0.004348	1	0.018904	0.004348	0.004348
27	-0.500000	-0.046113	0.004348	1	0.018904	0.004348	0.004348
28	-0.500000	-0.050505	0.004348	1	0.018904	0.004348	0.004348
29	-0.500000	-0.054897	0.004348	1	0.018904	0.004348	0.004348
30	-0.500000	-0.059289	0.004348	1	0.018904	0.004348	0.004348
31	-0.500000	-0.063680	0.004348	1	0.018904	0.004348	0.004348
32	-0.500000	-0.068072	0.004348	1	0.018904	0.004348	0.004348
33	-0.500000	-0.072464	0.004348	1	0.018904	0.004348	0.004348
34	-0.495608	-0.072464	0.004348	1	0.018904	0.004348	0.004348
35	-0.491217	-0.072464	0.004348	1	0.018904	0.004348	0.004348
36	-0.486825	-0.072464	0.004348	1	0.018904	0.004348	0.004348
37	-0.482433	-0.072464	0.004348	1	0.018904	0.004348	0.004348
38	-0.478041	-0.072464	0.004348	1	0.018904	0.004348	0.004348
39	-0.473650	-0.072464	0.004348	1	0.018904	0.004348	0.004348
40	-0.469258	-0.072464	0.004348	1	0.018904	0.004348	0.004348
41	-0.464866	-0.072464	0.004348	1	0.018904	0.004348	0.004348
42	-0.460474	-0.072464	0.004348	1	0.018904	0.004348	0.004348
43	-0.456083	-0.072464	0.004348	1	0.018904	0.004348	0.004348
44	-0.451691	-0.072464	0.004348	1	0.018904	0.004348	0.004348
45	-0.447299	-0.072464	0.004348	1	0.018904	0.004348	0.004348
46	-0.442907	-0.072464	0.004348	1	0.018904	0.004348	0.004348
47	-0.438516	-0.072464	0.004348	1	0.018904	0.004348	0.004348
48	-0.434124	-0.072464	0.004348	1	0.018904	0.004348	0.004348
49	-0.429732	-0.072464	0.004348	1	0.018904	0.004348	0.004348
50	-0.425340	-0.072464	0.004348	1	0.018904	0.004348	0.004348
51	-0.420949	-0.072464	0.004348	1	0.018904	0.004348	0.004348
52	-0.416557	-0.072464	0.004348	1	0.018904	0.004348	0.004348
53	-0.412165	-0.072464	0.004348	1	0.018904	0.004348	0.004348
54	-0.407773	-0.072464	0.004348	1	0.018904	0.004348	0.004348
55	-0.403382	-0.072464	0.004348	1	0.018904	0.004348	0.004348
56	-0.398990	-0.072464	0.004348	1	0.018904	0.004348	0.004348
57	-0.394598	-0.072464	0.004348	1	0.018904	0.004348	0.004348
58	-0.390206	-0.072464	0.004348	1	0.018904	0.004348	0.004348
59	-0.385815	-0.072464	0.004348	1	0.018904	0.004348	0.004348
60	-0.381423	-0.072464	0.004348	1	0.018904	0.004348	0.004348
61	-0.377031	-0.072464	0.004348	1	0.018904	0.004348	0.004348
62	-0.372639	-0.072464	0.004348	1	0.018904	0.004348	0.004348
63	-0.368248	-0.072464	0.004348	1	0.018904	0.004348	0.004348
64	-0.363856	-0.072464	0.004348	1	0.018904	0.004348	0.004348
65	-0.359464	-0.072464	0.004348	1	0.018904	0.004348	0.004348
66	-0.355072	-0.072464	0.004348	1	0.018904	0.004348	0.004348
67	-0.355072	-0.054897	0.004348	1	0.018904	0.004348	0.004348
68	-0.355072	-0.050505	0.004348	1	0.018904	0.004348	0.004348
69	-0.355072	-0.046113	0.004348	1	0.018904	0.004348	0.004348
70	-0.355072	-0.041722	0.004348	1	0.018904	0.004348	0.004348
71	-0.355072	-0.037330	0.004348	1	0.018904	0.004348	0.004348
72	-0.355072	-0.032938	0.004348	1	0.018904	0.004348	0.004348
73	-0.355072	-0.028546	0.004348	1	0.018904	0.004348	0.004348
74	-0.355072	-0.024155	0.004348	1	0.018904	0.004348	0.004348
75	-0.355072	-0.019763	0.004348	1	0.018904	0.004348	0.004348
76	-0.355072	-0.015371	0.004348	1	0.018904	0.004348	0.004348
77	-0.355072	-0.010979	0.004348	1	0.018904	0.004348	0.004348
78	-0.355072	-0.006588	0.004348	1	0.018904	0.004348	0.004348
79	-0.355072	-0.002196	0.004348	1	0.018904	0.004348	0.004348
80	-0.355072	0.002196	0.004348	1	0.018904	0.004348	0.004348
81	-0.355072	0.006588	0.004348	1	0.018904	0.004348	0.004348
82	-0.355072	0.010979	0.004348	1	0.018904	0.004348	0.004348
83	-0.355072	0.015371	0.004348	1	0.018904	0.004348	0.004348
84	-0.355072	0.019763	0.004348	1	0.018904	0.004348	0.004348
85	-0.355072	0.024155	0.004348	1	0.018904	0.004348	0.004348
86	-0.355072	0.028546	0.004348	1	0.018904	0.004348	0.004348
87	-0.355072	0.032938	0.004348	1	0.018904	0.004348	0.004348
88	-0.355072	0.037330	0.004348	1	0.018904	0.004348	0.004348
89	-0.355072	0.041722	0.004348	1	0.018904	0.004348	0.004348
90	-0.355072	0.046113	0.004348	1	0.018904	0.004348	0.004348
91	-0.355072	0.050505	0.004348	1	0.018904	0.004348	0.004348
92	-0.355072	0.054897	0.004348	1	0.018904	0.004348	0.004348
93	-0.355072	0.059289	0.004348	1	0.018904	0.004348	0.004348
94	-0.355072	0.063680	0.004348	1	0.018904	0.004348	0.004348
95	-0.355072	0.068072	0.004348	1	0.018904	0.004348	0.004348
96	-0.355072	0.072464	0.004348	1	0.018904	0.004348	0.004348
97	-0.359464	0.072464	0.004348	1	0.018904	0.004348	0.004348
98	-0.363856	0.072464	0.004348	1	0.018904	0.004348	0.004348
99	-0.368248	0.072464	0.004348	1	0.018904	0.004348	0.004348
100	-0.372639	0.072464	0.004348	1	0.018904	0.004348	0.004348
101	-0.377031	0.072464	0.004348	1	0.018904	0.004348	0.004348
102	-0.381423	0.072464	0.004348	1	0.018904	0.004348	0.004348
103	-0.385815	0.072464	0.004348	1	0.018904	0.004348	0.004348
104	-0.390206	0.072464	0.004348	1	0.018904	0.004348	0.004348
105	-0.394598	0.072464	0.004348	1	0.018904	0.004348	0.004348
106	-0.398990	0.072464	0.004348	1	0.018904	0.004348	0.004348
107	-0.403382	0.072464	0.004348	1	0.018904	0.004348	0.004348
108	-0.407773	0.072464	0.004348	1	0.018904	0.004348	0.004348
109	-0.412165	0.072464	0.004348	1	0.018904	0.004348	0.004348
110	-0.416557	0.072464	0.004348	1	0.018904	0.004348	0.004348
111	-0.420949	0.072464	0.004348	1	0.018904	0.004348	0.004348
112	-0.425340	0.072464	0.004348	1	0.018904	0.004348	0.004348
113	-0.429732	0.072464	0.004348	1	0.018904	0.004348	0.004348
114	-0.434124	0.072464	0.004348	1	0.018904	0.004348	0.004348
115	-0.438516	0.072464	0.004348	1	0.018904	0.004348	0.004348
116	-0.442907	0.072464	0.004348	1	0.018904	0.004348	0.004348
117	-0.447299	0.072464	0.004348	1	0.018904	0.004348	0.004348
118	-0.451691	0.072464	0.004348	1	0.018904	0.004348	0.004348
119	-0.456083	0.072464	0.004348	1	0.018904	0.004348	0.004348
120	-0.460474	0.072464	0.004348	1	0.018904	0.004348	0.004348
121	-0.464866	0.072464	0.004348	1	0.018904	0.004348	0.004348
122	-0.469258	0.072464	0.004348	1	0.018904	0.004348	0.004348
123	-0.473650	0.072464	0.004348	1	0.018904	0.004348	0.004348
124	-0.478041	0.072464	0.004348	1	0.018904	0.004348	0.004348
125	-0.482433	0.072464	0.004348	1	0.018904	0.004348	0.004348
126	-0.486825	0.072464	0.004348	1	0.018904	0.004348	0.004348
127	-0.491217	0.072464	0.004348	1	0.018904	0.004348	0.004348
128	-0.495608	0.072464	0.004348	1	0.018904	0.004348	0.004348
129	-0.350681	-0.072464	0.004348	1	0.018904	0.004348	0.004348
130	-0.346289	-0.072464	0.004348	1	0.018904	0.004348	0.004348
131	-0.341897	-0.072464	0.004348	1	0.018904	0.004348	0.004348
132	-0.337505	-0.072464	0.004348	1	0.018904	0.004348	0.004348
133	-0.333114	-0.072464	0.004348	1	0.018904	0.004348	0.004348
134	-0.328722	-0.072464	0.004348	1	0.018904	0.004348	0.004348
135	-0.324330	-0.072464	0.004348	1	0.018904	0.004348	0.004348
136	-0.319939	-0.072464	0.004348	1	0.018904	0.004348	0.004348
137	-0.315547	-0.072464	0.004348	1	0.018904	0.004348	0.004348
138	-0.311155	-0.072464	0.004348	1	0.018904	0.004348	0.004348
139	-0.306763	-0.072464	0.004348	1	0.018904	0.004348	0.004348
140	-0.302372	-0.072464	0.004348	1	0.018904	0.004348	0.004348
141	-0.297980	-0.072464	0.004348	1	0.018904	0.004348	0.004348
142	-0.293588	-0.072464	0.004348	1	0.018904	0.004348	0.004348
143	-0.289196	-0.072464	0.004348	1	0.018904	0.004348	0.004348
144	-0.284805	-0.072464	0.004348	1	0.018904	0.004348	0.004348
145	-0.280413	-0.072464	0.004348	1	0.018904	0.004348	0.004348
146	-0.276021	-0.072464	0.004348	1	0.018904	0.004348	0.004348
147	-0.271629	-0.072464	0.004348	1	0.018904	0.004348	0.004348
148	-0.267238	-0.072464	0.004348	1	0.018904	0.004348	0.004348
149	-0.262846	-0.072464	0.004348	1	0.018904	0.004348	0.004348
150	-0.258454	-0.072464	0.004348	1	0.018904	0.004348	0.004348
151	-0.254062	-0.072464	0.004348	1	0.018904	0.004348	0.004348
152	-0.249671	-0.072464	0.004348	1	0.018904	0.004348	0.004348
153	-0.245279	-0.072464	0.004348	1	0.018904	0.004348	0.004348
154	-0.240887	-0.072464	0.004348	1	0.018904	0.004348	0.004348
155	-0.236495	-0.072464	0.004348	1	0.018904	0.004348	0.004348
156	-0.232104	-0.072464	0.004348	1	0.018904	0.004348	0.004348
157	-0.227712	-0.072464	0.004348	1	0.018904	0.004348	0.004348
158	-0.223320	-0.072464	0.004348	1	0.018904	0.004348	0.004348
159	-0.218928	-0.072464	0.004348	1	0.018904	0.004348	0.004348
160	-0.214537	-0.072464	0.004348	1	0.018904	0.004348	0.004348
161	-0.210145	-0.072464	0.004348	1	0.018904	0.004348	0.004348
162	-0.210145	-0.068072	0.004348	1	0.018904	0.004348	0.004348
163	-0.210145	-0.063680	0.004348	1	0.018904	0.004348	0.004348
164	-0.210145	-0.059289	0.004348	1	0.018904	0.004348	0.004348
165	-0.210145	-0.054897	0.004348	1	0.018904	0.004348	0.004348
166	-0.210145	-0.050505	0.004348	1	0.018904	0.004348	0.004348
167	-0.210145	-0.046113	0.004348	1	0.018904	0.004348	0.004348
168	-0.210145	-0.041722	0.004348	1	0.018904	0.004348	0.004348
169	-0.210145	-0.037330	0.004348	1	0.018904	0.004348	0.004348
170	-0.210145	-0.032938	0.004348	1	0.018904	0.004348	0.004348
171	-0.210145	-0.028546	0.004348	1	0.018904	0.004348	0.004348
172	-0.210145	-0.024155	0.004348	1	0.018904	0.004348	0.004348
173	-0.210145	-0.019763	0.004348	1	0.018904	0.004348	0.004348
174	-0.210145	-0.015371	0.004348	1	0.018904	0.004348	0.004348
175	-0.210145	-0.010979	0.004348	1	0.018904	0.004348	0.004348
176	-0.210145	-0.006588	0.004348	1	0.018904	0.004348	0.004348
177	-0.210145	-0.002196	0.004348	1	0.018904	0.004348	0.004348
178	-0.210145	0.002196	0.004348	1	0.018904	0.004348	0.004348
179	-0.210145	0.006588	0.004348	1	0.018904	0.004348	0.004348
180	-0.210145	0.010979	0.004348	1	0.018904	0.004348	0.004348
181	-0.210145	0.015371	0.004348	1	0.018904	0.004348	0.004348
182	-0.210145	0.019763	0.004348	1	0.018904	0.004348	0.004348
183	-0.210145	0.024155	0.004348	1	0.018904	0.004348	0.004348
184	-0.210145	0.028546	0.004348	1	0.018904	0.004348	0.004348
185	-0.210145	0.032938	0.004348	1	0.018904	0.004348	0.004348
186	-0.210145	0.037330	0.004348	1	0.018904	0.004348	0.004348
187	-0.210145	0.041722	0.004348	1	0.018904	0.004348	0.004348
188	-0.210145	0.046113	0.004348	1	0.018904	0.004348	0.004348
189	-0.210145	0.050505	0.004348	1	0.018904	0.004348	0.004348
190	-0.210145	0.054897	0.004348	1	0.018904	0.004348	0.004348
191	-0.210145	0.059289	0.004348	1	0.018904	0.004348	0.004348
192	-0.210145	0.063680	0.004348	1	0.018904	0.004348	0.004348
193	-0.210145	0.068072	0.004348	1	0.018904	0.004348	0.004348
194	-0.210145	0.072464	0.004348	1	0.018904	0.004348	0.004348
195	-0.214674	0.072464	0.004348	1	0.018904	0.004348	0.004348
196	-0.219203	0.072464	0.004348	1	0.018904	0.004348	0.004348
197	-0.223732	0.072464	0.004348	1	0.018904	0.004348	0.004348
198	-0.228261	0.072464	0.004348	1	0.018904	0.004348	0.004348
199	-0.232790	0.072464	0.004348	1	0.018904	0.004348	0.004348
200	-0.237319	0.072464	0.004348	1	0.018904	0.004348	0.004348
201	-0.241848	0.072464	0.004348	1	0.018904	0.004348	0.004348
202	-0.246377	0.072464	0.004348	1	0.018904	0.004348	0.004348
203	-0.250906	0.072464	0.004348	1	0.018904	0.004348	0.004348
204	-0.255435	0.072464	0.004348	1	0.018904	0.004348	0.004348
205	-0.259964	0.072464	0.004348	1	0.018904	0.004348	0.004348
206	-0.264493	0.072464	0.004348	1	0.018904	0.004348	0.004348
207	-0.269022	0.072464	0.004348	1	0.018904	0.004348	0.004348
208	-0.273551	0.072464	0.004348	1	0.018904	0.004348	0.004348
209	-0.278080	0.072464	0.004348	1	0.018904	0.004348	0.004348
210	-0.282609	0.072464	0.004348	1	0.018904	0.004348	0.004348
211	-0.282609	0.067966	0.004348	1	0.018904	0.004348	0.004348
212	-0.282609	0.063468	0.004348	1	0.018904	0.004348	0.004348
213	-0.282609	0.058971	0.004348	1	0.018904	0.004348	0.004348
214	-0.282609	0.054473	0.004348	1	0.018904	0.004348	0.004348
215	-0.282609	0.049975	0.004348	1	0.018904	0.004348	0.004348
216	-0.282609	0.045477	0.004348	1	0.018904	0.004348	0.004348
217	-0.282609	0.040980	0.004348	1	0.018904	0.004348	0.004348
218	-0.282609	0.036482	0.004348	1	0.018904	0.004348	0.004348
219	-0.282609	0.031984	0.004348	1	0.018904	0.004348	0.004348
220	-0.282609	0.027486	0.004348	1	0.018904	0.004348	0.004348
221	-0.282609	0.022989	0.004348	1	0.018904	0.004348	0.004348
222	-0.282609	0.018491	0.004348	1	0.018904	0.004348	0.004348
223	-0.282609	0.013993	0.004348	1	0.018904	0.004348	0.004348
224	-0.282609	0.009495	0.004348	1	0.018904	0.004348	0.004348
225	-0.282609	0.004998	0.004348	1	0.018904	0.004348	0.004348
226	-0.282609	0.000500	0.004348	1	0.018904	0.004348	0.004348
227	-0.282609	-0.003998	0.004348	1	0.018904	0.004348	0.004348
228	-0.282609	-0.008496	0.004348	1	0.018904	0.004348	0.004348
229	-0.282609	-0.012994	0.004348	1	0.018904	0.004348	0.004348
230	-0.282609	-0.017491	0.004348	1	0.018904	0.004348	0.004348
231	-0.282609	-0.021989	0.004348	1	0.018904	0.004348	0.004348
232	-0.282609	-0.026487	0.004348	1	0.018904	0.004348	0.004348
233	-0.282609	-0.030985	0.004348	1	0.018904	0.004348	0.004348
234	-0.282609	-0.035482	0.004348	1	0.018904	0.004348	0.004348
235	-0.282609	-0.039980	0.004348	1	0.018904	0.004348	0.004348
236	-0.282609	-0.044478	0.004348	1	0.018904	0.004348	0.004348
237	-0.282609	-0.048976	0.004348	1	0.018904	0.004348	0.004348
238	-0.282609	-0.053473	0.004348	1	0.018904	0.004348	0.004348
239	-0.282609	-0.057971	0.004348	1	0.018904	0.004348	0.004348
240	-0.287138	-0.057971	0.004348	1	0.018904	0.004348	0.004348
241	-0.291667	-0.057971	0.004348	1	0.018904	0.004348	0.004348
242	-0.296196	-0.057971	0.004348	1	0.018904	0.004348	0.004348
243	-0.300725	-0.057971	0.004348	1	0.018904	0.004348	0.004348
244	-0.305254	-0.057971	0.004348	1	0.018904	0.004348	0.004348
245	-0.309783	-0.057971	0.004348	1	0.018904	0.004348	0.004348
246	-0.314312	-0.057971	0.004348	1	0.018904	0.004348	0.004348
247	-0.318841	-0.057971	0.004348	1	0.018904	0.004348	0.004348
248	-0.323370	-0.057971	0.004348	1	0.018904	0.004348	0.004348
249	-0.327899	-0.057971	0.004348	1	0.018904	0.004348	0.004348
250	-0.332428	-0.057971	0.004348	1	0.018904	0.004348	0.004348
251	-0.336957	-0.057971	0.004348	1	0.018904	0.004348	0.004348
252	-0.341486	-0.057971	0.004348	1	0.018904	0.004348	0.004348
253	-0.346014	-0.057971	0.004348	1	0.018904	0.004348	0.004348
254	-0.350543	-0.057971	0.004348	1	0.018904	0.004348	0.004348
255	-0.355072	-0.057971	0.004348	1	0.018904	0.004348	0.004348
256	-0.490000	-0.062000	0.008000	0	0.064000	0.008000	0.008000
257	-0.482000	-0.062000	0.008000	0	0.064000	0.008000	0.008000
258	-0.474000	-0.062000	0.008000	0	0.064000	0.008000	0.008000
259	-0.466000	-0.062000	0.008000	0	0.064000	0.008000	0.008000
260	-0.458000	-0.062000	0.008000	0	0.064000	0.008000	0.008000
261	-0.450000	-0.062000	0.008000	0	0.064000	0.008000	0.008000
262	-0.442000	-0.062000	0.008000	0	0.064000	0.008000	0.008000
263	-0.434000	-0.062000	0.008000	0	0.064000	0.008000	0.008000
264	-0.426000	-0.062000	0.008000	0	0.064000	0.008000	0.008000
265	-0.418000	-0.062000	0.008000	0	0.064000	0.008000	0.008000
266	-0.410000	-0.062000	0.008000	0	0.064000	0.008000	0.008000
267	-0.402000	-0.062000	0.008000	0	0.064000	0.008000	0.008000
268	-0.394000	-0.062000	0.008000	0	0.064000	0.008000	0.008000
269	-0.386000	-0.062000	0.008000	0	0.064000	0.008000	0.008000
270	-0.378000	-0.062000	0.008000	0	0.064000	0.008000	0.008000
271	-0.370000	-0.062000	0.008000	0	0.064000	0.008000	0.008000
272	-0.362000	-0.062000	0.008000	0	0.064000	0.008000	0.008000
273	-0.354000	-0.062000	0.008000	0	0.064000	0.008000	0.008000
274	-0.490000	-0.054000	0.008000	0	0.064000	0.008000	0.008000
275	-0.482000	-0.054000	0.008000	0	0.064000	0.008000	0.008000
276	-0.474000	-0.054000	0.008000	0	0.064000	0.008000	0.008000
277	-0.466000	-0.054000	0.008000	0	0.064000	0.008000	0.008000
278	-0.458000	-0.054000	0.008000	0	0.064000	0.008000	0.008000
279	-0.450000	-0.054000	0.008000	0	0.064000	0.008000	0.008000
280	-0.442000	-0.054000	0.008000	0	0.064000	0.008000	0.008000
281	-0.434000	-0.054000	0.008000	0	0.064000	0.008000	0.008000
282	-0.426000	-0.054000	0.008000	0	0.064000	0.008000	0.008000
283	-0.418000	-0.054000	0.008000	0	0.064000	0.008000	0.008000
284	-0.410000	-0.054000	0.008000	0	0.064000	0.008000	0.008000
285	-0.402000	-0.054000	0.008000	0	0.064000	0.008000	0.008000
286	-0.394000	-0.054000	0.008000	0	0.064000	0.008000	0.008000
287	-0.386000	-0.054000	0.008000	0	0.064000	0.008000	0.008000
288	-0.378000	-0.054000	0.008000	0	0.064000	0.008000	0.008000
289	-0.370000	-0.054000	0.008000	0	0.064000	0.008000	0.008000
290	-0.362000	-0.054000	0.008000	0	0.064000	0.008000	0.008000
291	-0.490000	-0.046000	0.008000	0	0.064000	0.008000	0.008000
292	-0.482000	-0.046000	0.008000	0	0.064000	0.008000	0.008000
293	-0.474000	-0.046000	0.008000	0	0.064000	0.008000	0.008000
294	-0.466000	-0.046000	0.008000	0	0.064000	0.008000	0.008000
295	-0.458000	-0.046000	0.008000	0	0.064000	0.008000	0.008000
296	-0.450000	-0.046000	0.008000	0	0.064000	0.008000	0.008000
297	-0.442000	-0.046000	0.008000	0	0.064000	0.008000	0.008000
298	-0.434000	-0.046000	0.008000	0	0.064000	0.008000	0.008000
299	-0.426000	-0.046000	0.008000	0	0.064000	0.008000	0.008000
300	-0.418000	-0.046000	0.008000	0	0.064000	0.008000	0.008000
301	-0.410000	-0.046000	0.008000	0	0.064000	0.008000	0.008000
302	-0.402000	-0.046000	0.008000	0	0.064000	0.008000	0.008000
303	-0.394000	-0.046000	0.008000	0	0.064000	0.008000	0.008000
304	-0.386000	-0.046000	0.008000	0	0.064000	0.008000	0.008000
305	-0.378000	-0.046000	0.008000	0	0.064000	0.008000	0.008000
306	-0.370000	-0.046000	0.008000	0	0.064000	0.008000	0.008000
307	-0.362000	-0.046000	0.008000	0	0.064000	0.008000	0.008000
308	-0.490000	-0.038000	0.008000	0	0.064000	0.008000	0.008000
309	-0.482000	-0.038000	0.008000	0	0.064000	0.008000	0.008000
310	-0.474000	-0.038000	0.008000	0	0.064000	0.008000	0.008000
311	-0.466000	-0.038000	0.008000	0	0.064000	0.008000	0.008000
312	-0.458000	-0.038000	0.008000	0	0.064000	0.008000	0.008000
313	-0.450000	-0.038000	0.008000	0	0.064000	0.008000	0.008000
314	-0.442000	-0.038000	0.008000	0	0.064000	0.008000	0.008000
315	-0.434000	-0.038000	0.008000	0	0.064000	0.008000	0.008000
316	-0.426000	-0.038000	0.008000	0	0.064000	0.008000	0.008000
317	-0.418000	-0.038000	0.008000	0	0.064000	0.008000	0.008000
318	-0.410000	-0.038000	0.008000	0	0.064000	0.008000	0.008000
319	-0.402000	-0.038000	0.008000	0	0.064000	0.008000	0.008000
320	-0.394000	-0.038000	0.008000	0	0.064000	0.008000	0.008000
321	-0.386000	-0.038000	0.008000	0	0.064000	0.008000	0.008000
322	-0.378000	-0.038000	0.008000	0	0.064000	0.008000	0.008000
323	-0.370000	-0.038000	0.008000	0	0.064000	0.008000	0.008000
324	-0.362000	-0.038000	0.008000	0	0.064000	0.008000	0.008000
325	-0.490000	-0.030000	0.008000	0	0.064000	0.008000	0.008000
326	-0.482000	-0.030000	0.008000	0	0.064000	0.008000	0.008000
327	-0.474000	-0.030000	0.008000	0	0.064000	0.008000	0.008000
328	-0.466000	-0.030000	0.008000	0	0.064000	0.008000	0.008000
329	-0.458000	-0.030000	0.008000	0	0.064000	0.008000	0.008000
330	-0.450000	-0.030000	0.008000	0	0.064000	0.008000	0.008000
331	-0.442000	-0.030000	0.008000	0	0.064000	0.008000	0.008000
332	-0.434000	-0.030000	0.008000	0	0.064000	0.008000	0.008000
333	-0.426000	-0.030000	0.008000	0	0.064000	0.008000	0.008000
334	-0.418000	-0.030000	0.008000	0	0.064000	0.008000	0.008000
335	-0.410000	-0.030000	0.008000	0	0.064000	0.008000	0.008000
336	-0.402000	-0.030000	0.008000	0	0.064000	0.008000	0.008000
337	-0.394000	-0.030000	0.008000	0	0.064000	0.008000	0.008000
338	-0.386000	-0.030000	0.008000	0	0.064000	0.008000	0.008000
339	-0.378000	-0.030000	0.008000	0	0.064000	0.008000	0.008000
340	-0.370000	-0.030000	0.008000	0	0.064000	0.008000	0.008000
341	-0.362000	-0.030000	0.008000	0	0.064000	0.008000	0.008000
342	-0.490000	-0.022000	0.008000	0	0.064000	0.008000	0.008000
343	-0.482000	-0.022000	0.008000	0	0.064000	0.008000	0.008000
344	-0.474000	-0.022000	0.008000	0	0.064000	0.008000	0.008000
345	-0.466000	-0.022000	0.008000	0	0.064000	0.008000	0.008000
346	-0.458000	-0.022000	0.008000	0	0.064000	0.008000	0.008000
347	-0.450000	-0.022000	0.008000	0	0.064000	0.008000	0.008000
348	-0.442000	-0.022000	0.008000	0	0.064000	0.008000	0.008000
349	-0.434000	-0.022000	0.008000	0	0.064000	0.008000	0.008000
350	-0.426000	-0.022000	0.008000	0	0.064000	0.008000	0.008000
351	-0.418000	-0.022000	0.008000	0	0.064000	0.008000	0.008000
352	-0.410000	-0.022000	0.008000	0	0.064000	0.008000	0.008000
353	-0.402000	-0.022000	0.008000	0	0.064000	0.008000	0.008000
354	-0.394000	-0.022000	0.008000	0	0.064000	0.008000	0.008000
355	-0.386000	-0.022000	0.008000	0	0.064000	0.008000	0.008000
356	-0.378000	-0.022000	0.008000	0	0.064000	0.008000	0.008000
357	-0.370000	-0.022000	0.008000	0	0.064000	0.008000	0.008000
358	-0.362000	-0.022000	0.008000	0	0.064000	0.008000	0.008000
359	-0.490000	-0.014000	0.008000	0	0.064000	0.008000	0.008000
360	-0.482000	-0.014000	0.008000	0	0.064000	0.008000	0.008000
361	-0.474000	-0.014000	0.008000	0	0.064000	0.008000	0.008000
362	-0.466000	-0.014000	0.008000	0	0.064000	0.008000	0.008000
363	-0.458000	-0.014000	0.008000	0	0.064000	0.008000	0.008000
364	-0.450000	-0.014000	0.008000	0	0.064000	0.008000	0.008000
365	-0.442000	-0.014000	0.008000	0	0.064000	0.008000	0.008000
366	-0.434000	-0.014000	0.008000	0	0.064000	0.008000	0.008000
367	-0.426000	-0.014000	0.008000	0	0.064000	0.008000	0.008000
368	-0.418000	-0.014000	0.008000	0	0.064000	0.008000	0.008000
369	-0.410000	-0.014000	0.008000	0	0.064000	0.008000	0.008000
370	-0.402000	-0.014000	0.008000	0	0.064000	0.008000	0.008000
371	-0.394000	-0.014000	0.008000	0	0.064000	0.008000	0.008000
372	-0.386000	-0.014000	0.008000	0	0.064000	0.008000	0.008000
373	-0.378000	-0.014000	0.008000	0	0.064000	0.008000	0.008000
374	-0.370000	-0.014000	0.008000	0	0.064000	0.008000	0.008000
375	-0.362000	-0.014000	0.008000	0	0.064000	0.008000	0.008000
376	-0.490000	-0.006000	0.008000	0	0.064000	0.008000	0.008000
377	-0.482000	-0.006000	0.008000	0	0.064000	0.008000	0.008000
378	-0.474000	-0.006000	0.008000	0	0.064000	0.008000	0.008000
379	-0.466000	-0.006000	0.008000	0	0.064000	0.008000	0.008000
380	-0.458000	-0.006000	0.008000	0	0.064000	0.008000	0.008000
381	-0.450000	-0.006000	0.008000	0	0.064000	0.008000	0.008000
382	-0.442000	-0.006000	0.008000	0	0.064000	0.008000	0.008000
383	-0.434000	-0.006000	0.008000	0	0.064000	0.008000	0.008000
384	-0.426000	-0.006000	0.008000	0	0.064000	0.008000	0.008000
385	-0.418000	-0.006000	0.008000	0	0.064000	0.008000	0.008000
386	-0.410000	-0.006000	0.008000	0	0.064000	0.008000	0.008000
387	-0.402000	-0.006000	0.008000	0	0.064000	0.008000	0.008000
388	-0.394000	-0.006000	0.008000	0	0.064000	0.008000	0.008000
389	-0.386000	-0.006000	0.008000	0	0.064000	0.008000	0.008000
390	-0.378000	-0.006000	0.008000	0	0.064000	0.008000	0.008000
391	-0.370000	-0.006000	0.008000	0	0.064000	0.008000	0.008000
392	-0.362000	-0.006000	0.008000	0	0.064000	0.008000	0.008000
393	-0.490000	0.002000	0.008000	0	0.064000	0.008000	0.008000
394	-0.482000	0.002000	0.008000	0	0.064000	0.008000	0.008000
395	-0.474000	0.002000	0.008000	0	0.064000	0.008000	0.008000
396	-0.466000	0.002000	0.008000	0	0.064000	0.008000	0.008000
397	-0.458000	0.002000	0.008000	0	0.064000	0.008000	0.008000
398	-0.450000	0.002000	0.008000	0	0.064000	0.008000	0.008000
399	-0.442000	0.002000	0.008000	0	0.064000	0.008000	0.008000
400	-0.434000	0.002000	0.008000	0	0.064000	0.008000	0.008000
401	-0.426000	0.002000	0.008000	0	0.064000	0.008000	0.008000
402	-0.418000	0.002000	0.008000	0	0.064000	0.008000	0.008000
403	-0.410000	0.002000	0.008000	0	0.064000	0.008000	0.008000
404	-0.402000	0.002000	0.008000	0	0.064000	0.008000	0.008000
405	-0.394000	0.002000	0.008000	0	0.064000	0.008000	0.008000
406	-0.386000	0.002000	0.008000	0	0.064000	0.008000	0.008000
407	-0.378000	0.002000	0.008000	0	0.064000	0.008000	0.008000
408	-0.370000	0.002000	0.008000	0	0.064000	0.008000	0.008000
409	-0.362000	0.002000	0.008000	0	0.064000	0.008000	0.008000
410	-0.490000	0.010000	0.008000	0	0.064000	0.008000	0.008000
411	-0.482000	0.010000	0.008000	0	0.064000	0.008000	0.008000
412	-0.474000	0.010000	0.008000	0	0.064000	0.008000	0.008000
413	-0.466000	0.010000	0.008000	0	0.064000	0.008000	0.008000
414	-0.458000	0.010000	0.008000	0	0.064000	0.008000	0.008000
415	-0.450000	0.010000	0.008000	0	0.064000	0.008000	0.008000
416	-0.442000	0.010000	0.008000	0	0.064000	0.008000	0.008000
417	-0.434000	0.010000	0.008000	0	0.064000	0.008000	0.008000
418	-0.426000	0.010000	0.008000	0	0.064000	0.008000	0.008000
419	-0.418000	0.010000	0.008000	0	0.064000	0.008000	0.008000
420	-0.410000	0.010000	0.008000	0	0.064000	0.008000	0.008000
421	-0.402000	0.010000	0.008000	0	0.064000	0.008000	0.008000
422	-0.394000	0.010000	0.008000	0	0.064000	0.008000	0.008000
423	-0.386000	0.010000	0.008000	0	0.064000	0.008000	0.008000
424	-0.378000	0.010000	0.008000	0	0.064000	0.008000	0.008000
425	-0.370000	0.010000	0.008000	0	0.064000	0.008000	0.008000
426	-0.362000	0.010000	0.008000	0	0.064000	0.008000	0.008000
427	-0.490000	0.018000	0.008000	0	0.064000	0.008000	0.008000
428	-0.482000	0.018000	0.008000	0	0.064000	0.008000	0.008000
429	-0.474000	0.018000	0.008000	0	0.064000	0.008000	0.008000
430	-0.466000	0.018000	0.008000	0	0.064000	0.008000	0.008000
431	-0.458000	0.018000	0.008000	0	0.064000	0.008000	0.008000
432	-0.450000	0.018000	0.008000	0	0.064000	0.008000	0.008000
433	-0.442000	0.018000	0.008000	0	0.064000	0.008000	0.008000
434	-0.434000	0.018000	0.008000	0	0.064000	0.008000	0.008000
435	-0.426000	0.018000	0.008000	0	0.064000	0.008000	0.008000
436	-0.418000	0.018000	0.008000	0	0.064000	0.008000	0.008000
437	-0.410000	0.018000	0.008000	0	0.064000	0.008000	0.008000
438	-0.402000	0.018000	0.008000	0	0.064000	0.008000	0.008000
439	-0.394000	0.018000	0.008000	0	0.064000	0.008000	0.008000
440	-0.386000	0.018000	0.008000	0	0.064000	0.008000	0.008000
441	-0.378000	0.018000	0.008000	0	0.064000	0.008000	0.008000
442	-0.370000	0.018000	0.008000	0	0.064000	0.008000	0.008000
443	-0.362000	0.018000	0.008000	0	0.064000	0.008000	0.008000
444	-0.490000	0.026000	0.008000	0	0.064000	0.008000	0.008000
445	-0.482000	0.026000	0.008000	0	0.064000	0.008000	0.008000
446	-0.474000	0.026000	0.008000	0	0.064000	0.008000	0.008000
447	-0.466000	0.026000	0.008000	0	0.064000	0.008000	0.008000
448	-0.458000	0.026000	0.008000	0	0.064000	0.008000	0.008000
449	-0.450000	0.026000	0.008000	0	0.064000	0.008000	0.008000
450	-0.442000	0.026000	0.008000	0	0.064000	0.008000	0.008000
451	-0.434000	0.026000	0.008000	0	0.064000	0.008000	0.008000
452	-0.426000	0.026000	0.008000	0	0.064000	0.008000	0.008000
453	-0.418000	0.026000	0.008000	0	0.064000	0.008000	0.008000
454	-0.410000	0.026000	0.008000	0	0.064000	0.008000	0.008000
455	-0.402000	0.026000	0.008000	0	0.064000	0.008000	0.008000
456	-0.394000	0.026000	0.008000	0	0.064000	0.008000	0.008000
457	-0.386000	0.026000	0.008000	0	0.064000	0.008000	0.008000
458	-0.378000	0.026000	0.008000	0	0.064000	0.008000	0.008000
459	-0.370000	0.026000	0.008000	0	0.064000	0.008000	0.008000
460	-0.362000	0.026000	0.008000	0	0.064000	0.008000	0.008000
461	-0.490000	0.034000	0.008000	0	0.064000	0.008000	0.008000
462	-0.482000	0.034000	0.008000	0	0.064000	0.008000	0.008000
463	-0.474000	0.034000	0.008000	0	0.064000	0.008000	0.008000
464	-0.466000	0.034000	0.008000	0	0.064000	0.008000	0.008000
465	-0.458000	0.034000	0.008000	0	0.064000	0.008000	0.008000
466	-0.450000	0.034000	0.008000	0	0.064000	0.008000	0.008000
467	-0.442000	0.034000	0.008000	0	0.064000	0.008000	0.008000
468	-0.434000	0.034000	0.008000	0	0.064000	0.008000	0.008000
469	-0.426000	0.034000	0.008000	0	0.064000	0.008000	0.008000
470	-0.418000	0.034000	0.008000	0	0.064000	0.008000	0.008000
471	-0.410000	0.034000	0.008000	0	0.064000	0.008000	0.008000
472	-0.402000	0.034000	0.008000	0	0.064000	0.008000	0.008000
473	-0.394000	0.034000	0.008000	0	0.064000	0.008000	0.008000
474	-0.386000	0.034000	0.008000	0	0.064000	0.008000	0.008000
475	-0.378000	0.034000	0.008000	0	0.064000	0.008000	0.008000
476	-0.370000	0.034000	0.008000	0	0.064000	0.008000	0.008000
477	-0.362000	0.034000	0.008000	0	0.064000	0.008000	0.008000
478	-0.490000	0.042000	0.008000	0	0.064000	0.008000	0.008000
479	-0.482000	0.042000	0.008000	0	0.064000	0.008000	0.008000
480	-0.474000	0.042000	0.008000	0	0.064000	0.008000	0.008000
481	-0.466000	0.042000	0.008000	0	0.064000	0.008000	0.008000
482	-0.458000	0.042000	0.008000	0	0.064000	0.008000	0.008000
483	-0.450000	0.042000	0.008000	0	0.064000	0.008000	0.008000
484	-0.442000	0.042000	0.008000	0	0.064000	0.008000	0.008000
485	-0.434000	0.042000	0.008000	0	0.064000	0.008000	0.008000
486	-0.426000	0.042000	0.008000	0	0.064000	0.008000	0.008000
487	-0.418000	0.042000	0.008000	0	0.064000	0.008000	0.008000
488	-0.410000	0.042000	0.008000	0	0.064000	0.008000	0.008000
489	-0.402000	0.042000	0.008000	0	0.064000	0.008000	0.008000
490	-0.394000	0.042000	0.008000	0	0.064000	0.008000	0.008000
491	-0.386000	0.042000	0.008000	0	0.064000	0.008000	0.008000
492	-0.378000	0.042000	0.008000	0	0.064000	0.008000	0.008000
493	-0.370000	0.042000	0.008000	0	0.064000	0.008000	0.008000
494	-0.362000	0.042000	0.008000	0	0.064000	0.008000	0.008000
495	-0.490000	0.050000	0.008000	0	0.064000	0.008000	0.008000
496	-0.482000	0.050000	0.008000	0	0.064000	0.008000	0.008000
497	-0.474000	0.050000	0.008000	0	0.064000	0.008000	0.008000
498	-0.466000	0.050000	0.008000	0	0.064000	0.008000	0.008000
499	-0.458000	0.050000	0.008000	0	0.064000	0.008000	0.008000
500	-0.450000	0.050000	0.008000	0	0.064000	0.008000	0.008000
501	-0.442000	0.050000	0.008000	0	0.064000	0.008000	0.008000
502	-0.434000	0.050000	0.008000	0	0.064000	0.008000	0.008000
503	-0.426000	0.050000	0.008000	0	0.064000	0.008000	0.008000
504	-0.418000	0.050000	0.008000	0	0.064000	0.008000	0.008000
505	-0.410000	0.050000	0.008000	0	0.064000	0.008000	0.008000
506	-0.402000	0.050000	0.008000	0	0.064000	0.008000	0.008000
507	-0.394000	0.050000	0.008000	0	0.064000	0.008000	0.008000
508	-0.386000	0.050000	0.008000	0	0.064000	0.008000	0.008000
509	-0.378000	0.050000	0.008000	0	0.064000	0.008000	0.008000
510	-0.370000	0.050000	0.008000	0	0.064000	0.008000	0.008000
511	-0.362000	0.050000	0.008000	0	0.064000	0.008000	0.008000
512	-0.490000	0.058000	0.008000	0	0.064000	0.008000	0.008000
513	-0.482000	0.058000	0.008000	0	0.064000	0.008000	0.008000
514	-0.474000	0.058000	0.008000	0	0.064000	0.008000	0.008000
515	-0.466000	0.058000	0.008000	0	0.064000	0.008000	0.008000
516	-0.458000	0.058000	0.008000	0	0.064000	0.008000	0.008000
517	-0.450000	0.058000	0.008000	0	0.064000	0.008000	0.008000
518	-0.442000	0.058000	0.008000	0	0.064000	0.008000	0.008000
519	-0.434000	0.058000	0.008000	0	0.064000	0.008000	0.008000
520	-0.426000	0.058000	0.008000	0	0.064000	0.008000	0.008000
521	-0.418000	0.058000	0.008000	0	0.064000	0.008000	0.008000
522	-0.410000	0.058000	0.008000	0	0.064000	0.008000	0.008000
523	-0.402000	0.058000	0.008000	0	0.064000	0.008000	0.008000
524	-0.394000	0.058000	0.008000	0	0.064000	0.008000	0.008000
525	-0.386000	0.058000	0.008000	0	0.064000	0.008000	0.008000
526	-0.378000	0.058000	0.008000	0	0.064000	0.008000	0.008000
527	-0.370000	0.058000	0.008000	0	0.064000	0.008000	0.008000
528	-0.362000	0.058000	0.008000	0	0.064000	0.008000	0.008000
529	-0.490000	0.066000	0.008000	0	0.064000	0.008000	0.008000
530	-0.482000	0.066000	0.008000	0	0.064000	0.008000	0.008000
531	-0.474000	0.066000	0.008000	0	0.064000	0.008000	0.008000
532	-0.466000	0.066000	0.008000	0	0.064000	0.008000	0.008000
533	-0.458000	0.066000	0.008000	0	0.064000	0.008000	0.008000
534	-0.450000	0.066000	0.008000	0	0.064000	0.008000	0.008000
535	-0.442000	0.066000	0.008000	0	0.064000	0.008000	0.008000
536	-0.434000	0.066000	0.008000	0	0.064000	0.008000	0.008000
537	-0.426000	0.066000	0.008000	0	0.064000	0.008000	0.008000
538	-0.418000	0.066000	0.008000	0	0.064000	0.008000	0.008000
539	-0.410000	0.066000	0.008000	0	0.064000	0.008000	0.008000
540	-0.402000	0.066000	0.008000	0	0.064000	0.008000	0.008000
541	-0.394000	0.066000	0.008000	0	0.064000	0.008000	0.008000
542	-0.386000	0.066000	0.008000	0	0.064000	0.008000	0.008000
543	-0.378000	0.066000	0.008000	0	0.064000	0.008000	0.008000
544	-0.370000	0.066000	0.008000	0	0.064000	0.008000	0.008000
545	-0.362000	0.066000	0.008000	0	0.064000	0.008000	0.008000
