id	posx	posy	h	type
0	-0.500000	0.125000	0.010000	1
1	-0.500000	0.117424	0.010000	1
2	-0.500000	0.109848	0.010000	1
3	-0.500000	0.102273	0.010000	1
4	-0.500000	0.094697	0.010000	1
5	-0.500000	0.087121	0.010000	1
6	-0.500000	0.079545	0.010000	1
7	-0.500000	0.071970	0.010000	1
8	-0.500000	0.064394	0.010000	1
9	-0.500000	0.056818	0.010000	1
10	-0.500000	0.049242	0.010000	1
11	-0.500000	0.041667	0.010000	1
12	-0.500000	0.034091	0.010000	1
13	-0.500000	0.026515	0.010000	1
14	-0.500000	0.018939	0.010000	1
15	-0.500000	0.011364	0.010000	1
16	-0.500000	0.003788	0.010000	1
17	-0.500000	-0.003788	0.010000	1
18	-0.500000	-0.011364	0.010000	1
19	-0.500000	-0.018939	0.010000	1
20	-0.500000	-0.026515	0.010000	1
21	-0.500000	-0.034091	0.010000	1
22	-0.500000	-0.041667	0.010000	1
23	-0.500000	-0.049242	0.010000	1
24	-0.500000	-0.056818	0.010000	1
25	-0.500000	-0.064394	0.010000	1
26	-0.500000	-0.071970	0.010000	1
27	-0.500000	-0.079545	0.010000	1
28	-0.500000	-0.087121	0.010000	1
29	-0.500000	-0.094697	0.010000	1
30	-0.500000	-0.102273	0.010000	1
31	-0.500000	-0.109848	0.010000	1
32	-0.500000	-0.117424	0.010000	1
33	-0.500000	-0.125000	0.010000	1
34	-0.492424	-0.125000	0.010000	1
35	-0.484848	-0.125000	0.010000	1
36	-0.477273	-0.125000	0.010000	1
37	-0.469697	-0.125000	0.010000	1
38	-0.462121	-0.125000	0.010000	1
39	-0.454545	-0.125000	0.010000	1
40	-0.446970	-0.125000	0.010000	1
41	-0.439394	-0.125000	0.010000	1
42	-0.431818	-0.125000	0.010000	1
43	-0.424242	-0.125000	0.010000	1
44	-0.416667	-0.125000	0.010000	1
45	-0.409091	-0.125000	0.010000	1
46	-0.401515	-0.125000	0.010000	1
47	-0.393939	-0.125000	0.010000	1
48	-0.386364	-0.125000	0.010000	1
49	-0.378788	-0.125000	0.010000	1
50	-0.371212	-0.125000	0.010000	1
51	-0.363636	-0.125000	0.010000	1
52	-0.356061	-0.125000	0.010000	1
53	-0.348485	-0.125000	0.010000	1
54	-0.340909	-0.125000	0.010000	1
55	-0.333333	-0.125000	0.010000	1
56	-0.325758	-0.125000	0.010000	1
57	-0.318182	-0.125000	0.010000	1
58	-0.310606	-0.125000	0.010000	1
59	-0.303030	-0.125000	0.010000	1
60	-0.295455	-0.125000	0.010000	1
61	-0.287879	-0.125000	0.010000	1
62	-0.280303	-0.125000	0.010000	1
63	-0.272727	-0.125000	0.010000	1
64	-0.265152	-0.125000	0.010000	1
65	-0.257576	-0.125000	0.010000	1
66	-0.250000	-0.125000	0.010000	1
67	-0.250000	-0.094697	0.010000	1
68	-0.250000	-0.087121	0.010000	1
69	-0.250000	-0.079545	0.010000	1
70	-0.250000	-0.071970	0.010000	1
71	-0.250000	-0.064394	0.010000	1
72	-0.250000	-0.056818	0.010000	1
73	-0.250000	-0.049242	0.010000	1
74	-0.250000	-0.041667	0.010000	1
75	-0.250000	-0.034091	0.010000	1
76	-0.250000	-0.026515	0.010000	1
77	-0.250000	-0.018939	0.010000	1
78	-0.250000	-0.011364	0.010000	1
79	-0.250000	-0.003788	0.010000	1
80	-0.250000	0.003788	0.010000	1
81	-0.250000	0.011364	0.010000	1
82	-0.250000	0.018939	0.010000	1
83	-0.250000	0.026515	0.010000	1
84	-0.250000	0.034091	0.010000	1
85	-0.250000	0.041667	0.010000	1
86	-0.250000	0.049242	0.010000	1
87	-0.250000	0.056818	0.010000	1
88	-0.250000	0.064394	0.010000	1
89	-0.250000	0.071970	0.010000	1
90	-0.250000	0.079545	0.010000	1
91	-0.250000	0.087121	0.010000	1
92	-0.250000	0.094697	0.010000	1
93	-0.250000	0.102273	0.010000	1
94	-0.250000	0.109848	0.010000	1
95	-0.250000	0.117424	0.010000	1
96	-0.250000	0.125000	0.010000	1
97	-0.257576	0.125000	0.010000	1
98	-0.265152	0.125000	0.010000	1
99	-0.272727	0.125000	0.010000	1
100	-0.280303	0.125000	0.010000	1
101	-0.287879	0.125000	0.010000	1
102	-0.295455	0.125000	0.010000	1
103	-0.303030	0.125000	0.010000	1
104	-0.310606	0.125000	0.010000	1
105	-0.318182	0.125000	0.010000	1
106	-0.325758	0.125000	0.010000	1
107	-0.333333	0.125000	0.010000	1
108	-0.340909	0.125000	0.010000	1
109	-0.348485	0.125000	0.010000	1
110	-0.356061	0.125000	0.010000	1
111	-0.363636	0.125000	0.010000	1
112	-0.371212	0.125000	0.010000	1
113	-0.378788	0.125000	0.010000	1
114	-0.386364	0.125000	0.010000	1
115	-0.393939	0.125000	0.010000	1
116	-0.401515	0.125000	0.010000	1
117	-0.409091	0.125000	0.010000	1
118	-0.416667	0.125000	0.010000	1
119	-0.424242	0.125000	0.010000	1
120	-0.431818	0.125000	0.010000	1
121	-0.439394	0.125000	0.010000	1
122	-0.446970	0.125000	0.010000	1
123	-0.454545	0.125000	0.010000	1
124	-0.462121	0.125000	0.010000	1
125	-0.469697	0.125000	0.010000	1
126	-0.477273	0.125000	0.010000	1
127	-0.484848	0.125000	0.010000	1
128	-0.492424	0.125000	0.010000	1
129	-0.242424	-0.125000	0.010000	1
130	-0.234848	-0.125000	0.010000	1
131	-0.227273	-0.125000	0.010000	1
132	-0.219697	-0.125000	0.010000	1
133	-0.212121	-0.125000	0.010000	1
134	-0.204545	-0.125000	0.010000	1
135	-0.196970	-0.125000	0.010000	1
136	-0.189394	-0.125000	0.010000	1
137	-0.181818	-0.125000	0.010000	1
138	-0.174242	-0.125000	0.010000	1
139	-0.166667	-0.125000	0.010000	1
140	-0.159091	-0.125000	0.010000	1
141	-0.151515	-0.125000	0.010000	1
142	-0.143939	-0.125000	0.010000	1
143	-0.136364	-0.125000	0.010000	1
144	-0.128788	-0.125000	0.010000	1
145	-0.121212	-0.125000	0.010000	1
146	-0.113636	-0.125000	0.010000	1
147	-0.106061	-0.125000	0.010000	1
148	-0.098485	-0.125000	0.010000	1
149	-0.090909	-0.125000	0.010000	1
150	-0.083333	-0.125000	0.010000	1
151	-0.075758	-0.125000	0.010000	1
152	-0.068182	-0.125000	0.010000	1
153	-0.060606	-0.125000	0.010000	1
154	-0.053030	-0.125000	0.010000	1
155	-0.045455	-0.125000	0.010000	1
156	-0.037879	-0.125000	0.010000	1
157	-0.030303	-0.125000	0.010000	1
158	-0.022727	-0.125000	0.010000	1
159	-0.015152	-0.125000	0.010000	1
160	-0.007576	-0.125000	0.010000	1
161	0.000000	-0.125000	0.010000	1
162	-0.490000	-0.115000	0.010000	0
163	-0.482000	-0.115000	0.010000	0
164	-0.474000	-0.115000	0.010000	0
165	-0.466000	-0.115000	0.010000	0
166	-0.458000	-0.115000	0.010000	0
167	-0.450000	-0.115000	0.010000	0
168	-0.442000	-0.115000	0.010000	0
169	-0.434000	-0.115000	0.010000	0
170	-0.426000	-0.115000	0.010000	0
171	-0.418000	-0.115000	0.010000	0
172	-0.410000	-0.115000	0.010000	0
173	-0.402000	-0.115000	0.010000	0
174	-0.394000	-0.115000	0.010000	0
175	-0.386000	-0.115000	0.010000	0
176	-0.378000	-0.115000	0.010000	0
177	-0.370000	-0.115000	0.010000	0
178	-0.362000	-0.115000	0.010000	0
179	-0.354000	-0.115000	0.010000	0
180	-0.346000	-0.115000	0.010000	0
181	-0.338000	-0.115000	0.010000	0
182	-0.330000	-0.115000	0.010000	0
183	-0.322000	-0.115000	0.010000	0
184	-0.314000	-0.115000	0.010000	0
185	-0.306000	-0.115000	0.010000	0
186	-0.298000	-0.115000	0.010000	0
187	-0.290000	-0.115000	0.010000	0
188	-0.282000	-0.115000	0.010000	0
189	-0.274000	-0.115000	0.010000	0
190	-0.266000	-0.115000	0.010000	0
191	-0.258000	-0.115000	0.010000	0
192	-0.490000	-0.107000	0.010000	0
193	-0.482000	-0.107000	0.010000	0
194	-0.474000	-0.107000	0.010000	0
195	-0.466000	-0.107000	0.010000	0
196	-0.458000	-0.107000	0.010000	0
197	-0.450000	-0.107000	0.010000	0
198	-0.442000	-0.107000	0.010000	0
199	-0.434000	-0.107000	0.010000	0
200	-0.426000	-0.107000	0.010000	0
201	-0.418000	-0.107000	0.010000	0
202	-0.410000	-0.107000	0.010000	0
203	-0.402000	-0.107000	0.010000	0
204	-0.394000	-0.107000	0.010000	0
205	-0.386000	-0.107000	0.010000	0
206	-0.378000	-0.107000	0.010000	0
207	-0.370000	-0.107000	0.010000	0
208	-0.362000	-0.107000	0.010000	0
209	-0.354000	-0.107000	0.010000	0
210	-0.346000	-0.107000	0.010000	0
211	-0.338000	-0.107000	0.010000	0
212	-0.330000	-0.107000	0.010000	0
213	-0.322000	-0.107000	0.010000	0
214	-0.314000	-0.107000	0.010000	0
215	-0.306000	-0.107000	0.010000	0
216	-0.298000	-0.107000	0.010000	0
217	-0.290000	-0.107000	0.010000	0
218	-0.282000	-0.107000	0.010000	0
219	-0.274000	-0.107000	0.010000	0
220	-0.266000	-0.107000	0.010000	0
221	-0.258000	-0.107000	0.010000	0
222	-0.490000	-0.099000	0.010000	0
223	-0.482000	-0.099000	0.010000	0
224	-0.474000	-0.099000	0.010000	0
225	-0.466000	-0.099000	0.010000	0
226	-0.458000	-0.099000	0.010000	0
227	-0.450000	-0.099000	0.010000	0
228	-0.442000	-0.099000	0.010000	0
229	-0.434000	-0.099000	0.010000	0
230	-0.426000	-0.099000	0.010000	0
231	-0.418000	-0.099000	0.010000	0
232	-0.410000	-0.099000	0.010000	0
233	-0.402000	-0.099000	0.010000	0
234	-0.394000	-0.099000	0.010000	0
235	-0.386000	-0.099000	0.010000	0
236	-0.378000	-0.099000	0.010000	0
237	-0.370000	-0.099000	0.010000	0
238	-0.362000	-0.099000	0.010000	0
239	-0.354000	-0.099000	0.010000	0
240	-0.346000	-0.099000	0.010000	0
241	-0.338000	-0.099000	0.010000	0
242	-0.330000	-0.099000	0.010000	0
243	-0.322000	-0.099000	0.010000	0
244	-0.314000	-0.099000	0.010000	0
245	-0.306000	-0.099000	0.010000	0
246	-0.298000	-0.099000	0.010000	0
247	-0.290000	-0.099000	0.010000	0
248	-0.282000	-0.099000	0.010000	0
249	-0.274000	-0.099000	0.010000	0
250	-0.266000	-0.099000	0.010000	0
251	-0.258000	-0.099000	0.010000	0
252	-0.490000	-0.091000	0.010000	0
253	-0.482000	-0.091000	0.010000	0
254	-0.474000	-0.091000	0.010000	0
255	-0.466000	-0.091000	0.010000	0
256	-0.458000	-0.091000	0.010000	0
257	-0.450000	-0.091000	0.010000	0
258	-0.442000	-0.091000	0.010000	0
259	-0.434000	-0.091000	0.010000	0
260	-0.426000	-0.091000	0.010000	0
261	-0.418000	-0.091000	0.010000	0
262	-0.410000	-0.091000	0.010000	0
263	-0.402000	-0.091000	0.010000	0
264	-0.394000	-0.091000	0.010000	0
265	-0.386000	-0.091000	0.010000	0
266	-0.378000	-0.091000	0.010000	0
267	-0.370000	-0.091000	0.010000	0
268	-0.362000	-0.091000	0.010000	0
269	-0.354000	-0.091000	0.010000	0
270	-0.346000	-0.091000	0.010000	0
271	-0.338000	-0.091000	0.010000	0
272	-0.330000	-0.091000	0.010000	0
273	-0.322000	-0.091000	0.010000	0
274	-0.314000	-0.091000	0.010000	0
275	-0.306000	-0.091000	0.010000	0
276	-0.298000	-0.091000	0.010000	0
277	-0.290000	-0.091000	0.010000	0
278	-0.282000	-0.091000	0.010000	0
279	-0.274000	-0.091000	0.010000	0
280	-0.266000	-0.091000	0.010000	0
281	-0.258000	-0.091000	0.010000	0
282	-0.490000	-0.083000	0.010000	0
283	-0.482000	-0.083000	0.010000	0
284	-0.474000	-0.083000	0.010000	0
285	-0.466000	-0.083000	0.010000	0
286	-0.458000	-0.083000	0.010000	0
287	-0.450000	-0.083000	0.010000	0
288	-0.442000	-0.083000	0.010000	0
289	-0.434000	-0.083000	0.010000	0
290	-0.426000	-0.083000	0.010000	0
291	-0.418000	-0.083000	0.010000	0
292	-0.410000	-0.083000	0.010000	0
293	-0.402000	-0.083000	0.010000	0
294	-0.394000	-0.083000	0.010000	0
295	-0.386000	-0.083000	0.010000	0
296	-0.378000	-0.083000	0.010000	0
297	-0.370000	-0.083000	0.010000	0
298	-0.362000	-0.083000	0.010000	0
299	-0.354000	-0.083000	0.010000	0
300	-0.346000	-0.083000	0.010000	0
301	-0.338000	-0.083000	0.010000	0
302	-0.330000	-0.083000	0.010000	0
303	-0.322000	-0.083000	0.010000	0
304	-0.314000	-0.083000	0.010000	0
305	-0.306000	-0.083000	0.010000	0
306	-0.298000	-0.083000	0.010000	0
307	-0.290000	-0.083000	0.010000	0
308	-0.282000	-0.083000	0.010000	0
309	-0.274000	-0.083000	0.010000	0
310	-0.266000	-0.083000	0.010000	0
311	-0.258000	-0.083000	0.010000	0
312	-0.490000	-0.075000	0.010000	0
313	-0.482000	-0.075000	0.010000	0
314	-0.474000	-0.075000	0.010000	0
315	-0.466000	-0.075000	0.010000	0
316	-0.458000	-0.075000	0.010000	0
317	-0.450000	-0.075000	0.010000	0
318	-0.442000	-0.075000	0.010000	0
319	-0.434000	-0.075000	0.010000	0
320	-0.426000	-0.075000	0.010000	0
321	-0.418000	-0.075000	0.010000	0
322	-0.410000	-0.075000	0.010000	0
323	-0.402000	-0.075000	0.010000	0
324	-0.394000	-0.075000	0.010000	0
325	-0.386000	-0.075000	0.010000	0
326	-0.378000	-0.075000	0.010000	0
327	-0.370000	-0.075000	0.010000	0
328	-0.362000	-0.075000	0.010000	0
329	-0.354000	-0.075000	0.010000	0
330	-0.346000	-0.075000	0.010000	0
331	-0.338000	-0.075000	0.010000	0
332	-0.330000	-0.075000	0.010000	0
333	-0.322000	-0.075000	0.010000	0
334	-0.314000	-0.075000	0.010000	0
335	-0.306000	-0.075000	0.010000	0
336	-0.298000	-0.075000	0.010000	0
337	-0.290000	-0.075000	0.010000	0
338	-0.282000	-0.075000	0.010000	0
339	-0.274000	-0.075000	0.010000	0
340	-0.266000	-0.075000	0.010000	0
341	-0.258000	-0.075000	0.010000	0
342	-0.490000	-0.067000	0.010000	0
343	-0.482000	-0.067000	0.010000	0
344	-0.474000	-0.067000	0.010000	0
345	-0.466000	-0.067000	0.010000	0
346	-0.458000	-0.067000	0.010000	0
347	-0.450000	-0.067000	0.010000	0
348	-0.442000	-0.067000	0.010000	0
349	-0.434000	-0.067000	0.010000	0
350	-0.426000	-0.067000	0.010000	0
351	-0.418000	-0.067000	0.010000	0
352	-0.410000	-0.067000	0.010000	0
353	-0.402000	-0.067000	0.010000	0
354	-0.394000	-0.067000	0.010000	0
355	-0.386000	-0.067000	0.010000	0
356	-0.378000	-0.067000	0.010000	0
357	-0.370000	-0.067000	0.010000	0
358	-0.362000	-0.067000	0.010000	0
359	-0.354000	-0.067000	0.010000	0
360	-0.346000	-0.067000	0.010000	0
361	-0.338000	-0.067000	0.010000	0
362	-0.330000	-0.067000	0.010000	0
363	-0.322000	-0.067000	0.010000	0
364	-0.314000	-0.067000	0.010000	0
365	-0.306000	-0.067000	0.010000	0
366	-0.298000	-0.067000	0.010000	0
367	-0.290000	-0.067000	0.010000	0
368	-0.282000	-0.067000	0.010000	0
369	-0.274000	-0.067000	0.010000	0
370	-0.266000	-0.067000	0.010000	0
371	-0.258000	-0.067000	0.010000	0
372	-0.490000	-0.059000	0.010000	0
373	-0.482000	-0.059000	0.010000	0
374	-0.474000	-0.059000	0.010000	0
375	-0.466000	-0.059000	0.010000	0
376	-0.458000	-0.059000	0.010000	0
377	-0.450000	-0.059000	0.010000	0
378	-0.442000	-0.059000	0.010000	0
379	-0.434000	-0.059000	0.010000	0
380	-0.426000	-0.059000	0.010000	0
381	-0.418000	-0.059000	0.010000	0
382	-0.410000	-0.059000	0.010000	0
383	-0.402000	-0.059000	0.010000	0
384	-0.394000	-0.059000	0.010000	0
385	-0.386000	-0.059000	0.010000	0
386	-0.378000	-0.059000	0.010000	0
387	-0.370000	-0.059000	0.010000	0
388	-0.362000	-0.059000	0.010000	0
389	-0.354000	-0.059000	0.010000	0
390	-0.346000	-0.059000	0.010000	0
391	-0.338000	-0.059000	0.010000	0
392	-0.330000	-0.059000	0.010000	0
393	-0.322000	-0.059000	0.010000	0
394	-0.314000	-0.059000	0.010000	0
395	-0.306000	-0.059000	0.010000	0
396	-0.298000	-0.059000	0.010000	0
397	-0.290000	-0.059000	0.010000	0
398	-0.282000	-0.059000	0.010000	0
399	-0.274000	-0.059000	0.010000	0
400	-0.266000	-0.059000	0.010000	0
401	-0.258000	-0.059000	0.010000	0
402	-0.490000	-0.051000	0.010000	0
403	-0.482000	-0.051000	0.010000	0
404	-0.474000	-0.051000	0.010000	0
405	-0.466000	-0.051000	0.010000	0
406	-0.458000	-0.051000	0.010000	0
407	-0.450000	-0.051000	0.010000	0
408	-0.442000	-0.051000	0.010000	0
409	-0.434000	-0.051000	0.010000	0
410	-0.426000	-0.051000	0.010000	0
411	-0.418000	-0.051000	0.010000	0
412	-0.410000	-0.051000	0.010000	0
413	-0.402000	-0.051000	0.010000	0
414	-0.394000	-0.051000	0.010000	0
415	-0.386000	-0.051000	0.010000	0
416	-0.378000	-0.051000	0.010000	0
417	-0.370000	-0.051000	0.010000	0
418	-0.362000	-0.051000	0.010000	0
419	-0.354000	-0.051000	0.010000	0
420	-0.346000	-0.051000	0.010000	0
421	-0.338000	-0.051000	0.010000	0
422	-0.330000	-0.051000	0.010000	0
423	-0.322000	-0.051000	0.010000	0
424	-0.314000	-0.051000	0.010000	0
425	-0.306000	-0.051000	0.010000	0
426	-0.298000	-0.051000	0.010000	0
427	-0.290000	-0.051000	0.010000	0
428	-0.282000	-0.051000	0.010000	0
429	-0.274000	-0.051000	0.010000	0
430	-0.266000	-0.051000	0.010000	0
431	-0.258000	-0.051000	0.010000	0
432	-0.490000	-0.043000	0.010000	0
433	-0.482000	-0.043000	0.010000	0
434	-0.474000	-0.043000	0.010000	0
435	-0.466000	-0.043000	0.010000	0
436	-0.458000	-0.043000	0.010000	0
437	-0.450000	-0.043000	0.010000	0
438	-0.442000	-0.043000	0.010000	0
439	-0.434000	-0.043000	0.010000	0
440	-0.426000	-0.043000	0.010000	0
441	-0.418000	-0.043000	0.010000	0
442	-0.410000	-0.043000	0.010000	0
443	-0.402000	-0.043000	0.010000	0
444	-0.394000	-0.043000	0.010000	0
445	-0.386000	-0.043000	0.010000	0
446	-0.378000	-0.043000	0.010000	0
447	-0.370000	-0.043000	0.010000	0
448	-0.362000	-0.043000	0.010000	0
449	-0.354000	-0.043000	0.010000	0
450	-0.346000	-0.043000	0.010000	0
451	-0.338000	-0.043000	0.010000	0
452	-0.330000	-0.043000	0.010000	0
453	-0.322000	-0.043000	0.010000	0
454	-0.314000	-0.043000	0.010000	0
455	-0.306000	-0.043000	0.010000	0
456	-0.298000	-0.043000	0.010000	0
457	-0.290000	-0.043000	0.010000	0
458	-0.282000	-0.043000	0.010000	0
459	-0.274000	-0.043000	0.010000	0
460	-0.266000	-0.043000	0.010000	0
461	-0.258000	-0.043000	0.010000	0
462	-0.490000	-0.035000	0.010000	0
463	-0.482000	-0.035000	0.010000	0
464	-0.474000	-0.035000	0.010000	0
465	-0.466000	-0.035000	0.010000	0
466	-0.458000	-0.035000	0.010000	0
467	-0.450000	-0.035000	0.010000	0
468	-0.442000	-0.035000	0.010000	0
469	-0.434000	-0.035000	0.010000	0
470	-0.426000	-0.035000	0.010000	0
471	-0.418000	-0.035000	0.010000	0
472	-0.410000	-0.035000	0.010000	0
473	-0.402000	-0.035000	0.010000	0
474	-0.394000	-0.035000	0.010000	0
475	-0.386000	-0.035000	0.010000	0
476	-0.378000	-0.035000	0.010000	0
477	-0.370000	-0.035000	0.010000	0
478	-0.362000	-0.035000	0.010000	0
479	-0.354000	-0.035000	0.010000	0
480	-0.346000	-0.035000	0.010000	0
481	-0.338000	-0.035000	0.010000	0
482	-0.330000	-0.035000	0.010000	0
483	-0.322000	-0.035000	0.010000	0
484	-0.314000	-0.035000	0.010000	0
485	-0.306000	-0.035000	0.010000	0
486	-0.298000	-0.035000	0.010000	0
487	-0.290000	-0.035000	0.010000	0
488	-0.282000	-0.035000	0.010000	0
489	-0.274000	-0.035000	0.010000	0
490	-0.266000	-0.035000	0.010000	0
491	-0.258000	-0.035000	0.010000	0
492	-0.490000	-0.027000	0.010000	0
493	-0.482000	-0.027000	0.010000	0
494	-0.474000	-0.027000	0.010000	0
495	-0.466000	-0.027000	0.010000	0
496	-0.458000	-0.027000	0.010000	0
497	-0.450000	-0.027000	0.010000	0
498	-0.442000	-0.027000	0.010000	0
499	-0.434000	-0.027000	0.010000	0
500	-0.426000	-0.027000	0.010000	0
501	-0.418000	-0.027000	0.010000	0
502	-0.410000	-0.027000	0.010000	0
503	-0.402000	-0.027000	0.010000	0
504	-0.394000	-0.027000	0.010000	0
505	-0.386000	-0.027000	0.010000	0
506	-0.378000	-0.027000	0.010000	0
507	-0.370000	-0.027000	0.010000	0
508	-0.362000	-0.027000	0.010000	0
509	-0.354000	-0.027000	0.010000	0
510	-0.346000	-0.027000	0.010000	0
511	-0.338000	-0.027000	0.010000	0
512	-0.330000	-0.027000	0.010000	0
513	-0.322000	-0.027000	0.010000	0
514	-0.314000	-0.027000	0.010000	0
515	-0.306000	-0.027000	0.010000	0
516	-0.298000	-0.027000	0.010000	0
517	-0.290000	-0.027000	0.010000	0
518	-0.282000	-0.027000	0.010000	0
519	-0.274000	-0.027000	0.010000	0
520	-0.266000	-0.027000	0.010000	0
521	-0.258000	-0.027000	0.010000	0
522	-0.490000	-0.019000	0.010000	0
523	-0.482000	-0.019000	0.010000	0
524	-0.474000	-0.019000	0.010000	0
525	-0.466000	-0.019000	0.010000	0
526	-0.458000	-0.019000	0.010000	0
527	-0.450000	-0.019000	0.010000	0
528	-0.442000	-0.019000	0.010000	0
529	-0.434000	-0.019000	0.010000	0
530	-0.426000	-0.019000	0.010000	0
531	-0.418000	-0.019000	0.010000	0
532	-0.410000	-0.019000	0.010000	0
533	-0.402000	-0.019000	0.010000	0
534	-0.394000	-0.019000	0.010000	0
535	-0.386000	-0.019000	0.010000	0
536	-0.378000	-0.019000	0.010000	0
537	-0.370000	-0.019000	0.010000	0
538	-0.362000	-0.019000	0.010000	0
539	-0.354000	-0.019000	0.010000	0
540	-0.346000	-0.019000	0.010000	0
541	-0.338000	-0.019000	0.010000	0
542	-0.330000	-0.019000	0.010000	0
543	-0.322000	-0.019000	0.010000	0
544	-0.314000	-0.019000	0.010000	0
545	-0.306000	-0.019000	0.010000	0
546	-0.298000	-0.019000	0.010000	0
547	-0.290000	-0.019000	0.010000	0
548	-0.282000	-0.019000	0.010000	0
549	-0.274000	-0.019000	0.010000	0
550	-0.266000	-0.019000	0.010000	0
551	-0.258000	-0.019000	0.010000	0
552	-0.490000	-0.011000	0.010000	0
553	-0.482000	-0.011000	0.010000	0
554	-0.474000	-0.011000	0.010000	0
555	-0.466000	-0.011000	0.010000	0
556	-0.458000	-0.011000	0.010000	0
557	-0.450000	-0.011000	0.010000	0
558	-0.442000	-0.011000	0.010000	0
559	-0.434000	-0.011000	0.010000	0
560	-0.426000	-0.011000	0.010000	0
561	-0.418000	-0.011000	0.010000	0
562	-0.410000	-0.011000	0.010000	0
563	-0.402000	-0.011000	0.010000	0
564	-0.394000	-0.011000	0.010000	0
565	-0.386000	-0.011000	0.010000	0
566	-0.378000	-0.011000	0.010000	0
567	-0.370000	-0.011000	0.010000	0
568	-0.362000	-0.011000	0.010000	0
569	-0.354000	-0.011000	0.010000	0
570	-0.346000	-0.011000	0.010000	0
571	-0.338000	-0.011000	0.010000	0
572	-0.330000	-0.011000	0.010000	0
573	-0.322000	-0.011000	0.010000	0
574	-0.314000	-0.011000	0.010000	0
575	-0.306000	-0.011000	0.010000	0
576	-0.298000	-0.011000	0.010000	0
577	-0.290000	-0.011000	0.010000	0
578	-0.282000	-0.011000	0.010000	0
579	-0.274000	-0.011000	0.010000	0
580	-0.266000	-0.011000	0.010000	0
581	-0.258000	-0.011000	0.010000	0
582	-0.490000	-0.003000	0.010000	0
583	-0.482000	-0.003000	0.010000	0
584	-0.474000	-0.003000	0.010000	0
585	-0.466000	-0.003000	0.010000	0
586	-0.458000	-0.003000	0.010000	0
587	-0.450000	-0.003000	0.010000	0
588	-0.442000	-0.003000	0.010000	0
589	-0.434000	-0.003000	0.010000	0
590	-0.426000	-0.003000	0.010000	0
591	-0.418000	-0.003000	0.010000	0
592	-0.410000	-0.003000	0.010000	0
593	-0.402000	-0.003000	0.010000	0
594	-0.394000	-0.003000	0.010000	0
595	-0.386000	-0.003000	0.010000	0
596	-0.378000	-0.003000	0.010000	0
597	-0.370000	-0.003000	0.010000	0
598	-0.362000	-0.003000	0.010000	0
599	-0.354000	-0.003000	0.010000	0
600	-0.346000	-0.003000	0.010000	0
601	-0.338000	-0.003000	0.010000	0
602	-0.330000	-0.003000	0.010000	0
603	-0.322000	-0.003000	0.010000	0
604	-0.314000	-0.003000	0.010000	0
605	-0.306000	-0.003000	0.010000	0
606	-0.298000	-0.003000	0.010000	0
607	-0.290000	-0.003000	0.010000	0
608	-0.282000	-0.003000	0.010000	0
609	-0.274000	-0.003000	0.010000	0
610	-0.266000	-0.003000	0.010000	0
611	-0.258000	-0.003000	0.010000	0
612	-0.490000	0.005000	0.010000	0
613	-0.482000	0.005000	0.010000	0
614	-0.474000	0.005000	0.010000	0
615	-0.466000	0.005000	0.010000	0
616	-0.458000	0.005000	0.010000	0
617	-0.450000	0.005000	0.010000	0
618	-0.442000	0.005000	0.010000	0
619	-0.434000	0.005000	0.010000	0
620	-0.426000	0.005000	0.010000	0
621	-0.418000	0.005000	0.010000	0
622	-0.410000	0.005000	0.010000	0
623	-0.402000	0.005000	0.010000	0
624	-0.394000	0.005000	0.010000	0
625	-0.386000	0.005000	0.010000	0
626	-0.378000	0.005000	0.010000	0
627	-0.370000	0.005000	0.010000	0
628	-0.362000	0.005000	0.010000	0
629	-0.354000	0.005000	0.010000	0
630	-0.346000	0.005000	0.010000	0
631	-0.338000	0.005000	0.010000	0
632	-0.330000	0.005000	0.010000	0
633	-0.322000	0.005000	0.010000	0
634	-0.314000	0.005000	0.010000	0
635	-0.306000	0.005000	0.010000	0
636	-0.298000	0.005000	0.010000	0
637	-0.290000	0.005000	0.010000	0
638	-0.282000	0.005000	0.010000	0
639	-0.274000	0.005000	0.010000	0
640	-0.266000	0.005000	0.010000	0
641	-0.258000	0.005000	0.010000	0
642	-0.490000	0.013000	0.010000	0
643	-0.482000	0.013000	0.010000	0
644	-0.474000	0.013000	0.010000	0
645	-0.466000	0.013000	0.010000	0
646	-0.458000	0.013000	0.010000	0
647	-0.450000	0.013000	0.010000	0
648	-0.442000	0.013000	0.010000	0
649	-0.434000	0.013000	0.010000	0
650	-0.426000	0.013000	0.010000	0
651	-0.418000	0.013000	0.010000	0
652	-0.410000	0.013000	0.010000	0
653	-0.402000	0.013000	0.010000	0
654	-0.394000	0.013000	0.010000	0
655	-0.386000	0.013000	0.010000	0
656	-0.378000	0.013000	0.010000	0
657	-0.370000	0.013000	0.010000	0
658	-0.362000	0.013000	0.010000	0
659	-0.354000	0.013000	0.010000	0
660	-0.346000	0.013000	0.010000	0
661	-0.338000	0.013000	0.010000	0
662	-0.330000	0.013000	0.010000	0
663	-0.322000	0.013000	0.010000	0
664	-0.314000	0.013000	0.010000	0
665	-0.306000	0.013000	0.010000	0
666	-0.298000	0.013000	0.010000	0
667	-0.290000	0.013000	0.010000	0
668	-0.282000	0.013000	0.010000	0
669	-0.274000	0.013000	0.010000	0
670	-0.266000	0.013000	0.010000	0
671	-0.258000	0.013000	0.010000	0
672	-0.490000	0.021000	0.010000	0
673	-0.482000	0.021000	0.010000	0
674	-0.474000	0.021000	0.010000	0
675	-0.466000	0.021000	0.010000	0
676	-0.458000	0.021000	0.010000	0
677	-0.450000	0.021000	0.010000	0
678	-0.442000	0.021000	0.010000	0
679	-0.434000	0.021000	0.010000	0
680	-0.426000	0.021000	0.010000	0
681	-0.418000	0.021000	0.010000	0
682	-0.410000	0.021000	0.010000	0
683	-0.402000	0.021000	0.010000	0
684	-0.394000	0.021000	0.010000	0
685	-0.386000	0.021000	0.010000	0
686	-0.378000	0.021000	0.010000	0
687	-0.370000	0.021000	0.010000	0
688	-0.362000	0.021000	0.010000	0
689	-0.354000	0.021000	0.010000	0
690	-0.346000	0.021000	0.010000	0
691	-0.338000	0.021000	0.010000	0
692	-0.330000	0.021000	0.010000	0
693	-0.322000	0.021000	0.010000	0
694	-0.314000	0.021000	0.010000	0
695	-0.306000	0.021000	0.010000	0
696	-0.298000	0.021000	0.010000	0
697	-0.290000	0.021000	0.010000	0
698	-0.282000	0.021000	0.010000	0
699	-0.274000	0.021000	0.010000	0
700	-0.266000	0.021000	0.010000	0
701	-0.258000	0.021000	0.010000	0
702	-0.490000	0.029000	0.010000	0
703	-0.482000	0.029000	0.010000	0
704	-0.474000	0.029000	0.010000	0
705	-0.466000	0.029000	0.010000	0
706	-0.458000	0.029000	0.010000	0
707	-0.450000	0.029000	0.010000	0
708	-0.442000	0.029000	0.010000	0
709	-0.434000	0.029000	0.010000	0
710	-0.426000	0.029000	0.010000	0
711	-0.418000	0.029000	0.010000	0
712	-0.410000	0.029000	0.010000	0
713	-0.402000	0.029000	0.010000	0
714	-0.394000	0.029000	0.010000	0
715	-0.386000	0.029000	0.010000	0
716	-0.378000	0.029000	0.010000	0
717	-0.370000	0.029000	0.010000	0
718	-0.362000	0.029000	0.010000	0
719	-0.354000	0.029000	0.010000	0
720	-0.346000	0.029000	0.010000	0
721	-0.338000	0.029000	0.010000	0
722	-0.330000	0.029000	0.010000	0
723	-0.322000	0.029000	0.010000	0
724	-0.314000	0.029000	0.010000	0
725	-0.306000	0.029000	0.010000	0
726	-0.298000	0.029000	0.010000	0
727	-0.290000	0.029000	0.010000	0
728	-0.282000	0.029000	0.010000	0
729	-0.274000	0.029000	0.010000	0
730	-0.266000	0.029000	0.010000	0
731	-0.258000	0.029000	0.010000	0
732	-0.490000	0.037000	0.010000	0
733	-0.482000	0.037000	0.010000	0
734	-0.474000	0.037000	0.010000	0
735	-0.466000	0.037000	0.010000	0
736	-0.458000	0.037000	0.010000	0
737	-0.450000	0.037000	0.010000	0
738	-0.442000	0.037000	0.010000	0
739	-0.434000	0.037000	0.010000	0
740	-0.426000	0.037000	0.010000	0
741	-0.418000	0.037000	0.010000	0
742	-0.410000	0.037000	0.010000	0
743	-0.402000	0.037000	0.010000	0
744	-0.394000	0.037000	0.010000	0
745	-0.386000	0.037000	0.010000	0
746	-0.378000	0.037000	0.010000	0
747	-0.370000	0.037000	0.010000	0
748	-0.362000	0.037000	0.010000	0
749	-0.354000	0.037000	0.010000	0
750	-0.346000	0.037000	0.010000	0
751	-0.338000	0.037000	0.010000	0
752	-0.330000	0.037000	0.010000	0
753	-0.322000	0.037000	0.010000	0
754	-0.314000	0.037000	0.010000	0
755	-0.306000	0.037000	0.010000	0
756	-0.298000	0.037000	0.010000	0
757	-0.290000	0.037000	0.010000	0
758	-0.282000	0.037000	0.010000	0
759	-0.274000	0.037000	0.010000	0
760	-0.266000	0.037000	0.010000	0
761	-0.258000	0.037000	0.010000	0
762	-0.490000	0.045000	0.010000	0
763	-0.482000	0.045000	0.010000	0
764	-0.474000	0.045000	0.010000	0
765	-0.466000	0.045000	0.010000	0
766	-0.458000	0.045000	0.010000	0
767	-0.450000	0.045000	0.010000	0
768	-0.442000	0.045000	0.010000	0
769	-0.434000	0.045000	0.010000	0
770	-0.426000	0.045000	0.010000	0
771	-0.418000	0.045000	0.010000	0
772	-0.410000	0.045000	0.010000	0
773	-0.402000	0.045000	0.010000	0
774	-0.394000	0.045000	0.010000	0
775	-0.386000	0.045000	0.010000	0
776	-0.378000	0.045000	0.010000	0
777	-0.370000	0.045000	0.010000	0
778	-0.362000	0.045000	0.010000	0
779	-0.354000	0.045000	0.010000	0
780	-0.346000	0.045000	0.010000	0
781	-0.338000	0.045000	0.010000	0
782	-0.330000	0.045000	0.010000	0
783	-0.322000	0.045000	0.010000	0
784	-0.314000	0.045000	0.010000	0
785	-0.306000	0.045000	0.010000	0
786	-0.298000	0.045000	0.010000	0
787	-0.290000	0.045000	0.010000	0
788	-0.282000	0.045000	0.010000	0
789	-0.274000	0.045000	0.010000	0
790	-0.266000	0.045000	0.010000	0
791	-0.258000	0.045000	0.010000	0
792	-0.490000	0.053000	0.010000	0
793	-0.482000	0.053000	0.010000	0
794	-0.474000	0.053000	0.010000	0
795	-0.466000	0.053000	0.010000	0
796	-0.458000	0.053000	0.010000	0
797	-0.450000	0.053000	0.010000	0
798	-0.442000	0.053000	0.010000	0
799	-0.434000	0.053000	0.010000	0
800	-0.426000	0.053000	0.010000	0
801	-0.418000	0.053000	0.010000	0
802	-0.410000	0.053000	0.010000	0
803	-0.402000	0.053000	0.010000	0
804	-0.394000	0.053000	0.010000	0
805	-0.386000	0.053000	0.010000	0
806	-0.378000	0.053000	0.010000	0
807	-0.370000	0.053000	0.010000	0
808	-0.362000	0.053000	0.010000	0
809	-0.354000	0.053000	0.010000	0
810	-0.346000	0.053000	0.010000	0
811	-0.338000	0.053000	0.010000	0
812	-0.330000	0.053000	0.010000	0
813	-0.322000	0.053000	0.010000	0
814	-0.314000	0.053000	0.010000	0
815	-0.306000	0.053000	0.010000	0
816	-0.298000	0.053000	0.010000	0
817	-0.290000	0.053000	0.010000	0
818	-0.282000	0.053000	0.010000	0
819	-0.274000	0.053000	0.010000	0
820	-0.266000	0.053000	0.010000	0
821	-0.258000	0.053000	0.010000	0
822	-0.490000	0.061000	0.010000	0
823	-0.482000	0.061000	0.010000	0
824	-0.474000	0.061000	0.010000	0
825	-0.466000	0.061000	0.010000	0
826	-0.458000	0.061000	0.010000	0
827	-0.450000	0.061000	0.010000	0
828	-0.442000	0.061000	0.010000	0
829	-0.434000	0.061000	0.010000	0
830	-0.426000	0.061000	0.010000	0
831	-0.418000	0.061000	0.010000	0
832	-0.410000	0.061000	0.010000	0
833	-0.402000	0.061000	0.010000	0
834	-0.394000	0.061000	0.010000	0
835	-0.386000	0.061000	0.010000	0
836	-0.378000	0.061000	0.010000	0
837	-0.370000	0.061000	0.010000	0
838	-0.362000	0.061000	0.010000	0
839	-0.354000	0.061000	0.010000	0
840	-0.346000	0.061000	0.010000	0
841	-0.338000	0.061000	0.010000	0
842	-0.330000	0.061000	0.010000	0
843	-0.322000	0.061000	0.010000	0
844	-0.314000	0.061000	0.010000	0
845	-0.306000	0.061000	0.010000	0
846	-0.298000	0.061000	0.010000	0
847	-0.290000	0.061000	0.010000	0
848	-0.282000	0.061000	0.010000	0
849	-0.274000	0.061000	0.010000	0
850	-0.266000	0.061000	0.010000	0
851	-0.258000	0.061000	0.010000	0
852	-0.490000	0.069000	0.010000	0
853	-0.482000	0.069000	0.010000	0
854	-0.474000	0.069000	0.010000	0
855	-0.466000	0.069000	0.010000	0
856	-0.458000	0.069000	0.010000	0
857	-0.450000	0.069000	0.010000	0
858	-0.442000	0.069000	0.010000	0
859	-0.434000	0.069000	0.010000	0
860	-0.426000	0.069000	0.010000	0
861	-0.418000	0.069000	0.010000	0
862	-0.410000	0.069000	0.010000	0
863	-0.402000	0.069000	0.010000	0
864	-0.394000	0.069000	0.010000	0
865	-0.386000	0.069000	0.010000	0
866	-0.378000	0.069000	0.010000	0
867	-0.370000	0.069000	0.010000	0
868	-0.362000	0.069000	0.010000	0
869	-0.354000	0.069000	0.010000	0
870	-0.346000	0.069000	0.010000	0
871	-0.338000	0.069000	0.010000	0
872	-0.330000	0.069000	0.010000	0
873	-0.322000	0.069000	0.010000	0
874	-0.314000	0.069000	0.010000	0
875	-0.306000	0.069000	0.010000	0
876	-0.298000	0.069000	0.010000	0
877	-0.290000	0.069000	0.010000	0
878	-0.282000	0.069000	0.010000	0
879	-0.274000	0.069000	0.010000	0
880	-0.266000	0.069000	0.010000	0
881	-0.258000	0.069000	0.010000	0
882	-0.490000	0.077000	0.010000	0
883	-0.482000	0.077000	0.010000	0
884	-0.474000	0.077000	0.010000	0
885	-0.466000	0.077000	0.010000	0
886	-0.458000	0.077000	0.010000	0
887	-0.450000	0.077000	0.010000	0
888	-0.442000	0.077000	0.010000	0
889	-0.434000	0.077000	0.010000	0
890	-0.426000	0.077000	0.010000	0
891	-0.418000	0.077000	0.010000	0
892	-0.410000	0.077000	0.010000	0
893	-0.402000	0.077000	0.010000	0
894	-0.394000	0.077000	0.010000	0
895	-0.386000	0.077000	0.010000	0
896	-0.378000	0.077000	0.010000	0
897	-0.370000	0.077000	0.010000	0
898	-0.362000	0.077000	0.010000	0
899	-0.354000	0.077000	0.010000	0
900	-0.346000	0.077000	0.010000	0
901	-0.338000	0.077000	0.010000	0
902	-0.330000	0.077000	0.010000	0
903	-0.322000	0.077000	0.010000	0
904	-0.314000	0.077000	0.010000	0
905	-0.306000	0.077000	0.010000	0
906	-0.298000	0.077000	0.010000	0
907	-0.290000	0.077000	0.010000	0
908	-0.282000	0.077000	0.010000	0
909	-0.274000	0.077000	0.010000	0
910	-0.266000	0.077000	0.010000	0
911	-0.258000	0.077000	0.010000	0
912	-0.490000	0.085000	0.010000	0
913	-0.482000	0.085000	0.010000	0
914	-0.474000	0.085000	0.010000	0
915	-0.466000	0.085000	0.010000	0
916	-0.458000	0.085000	0.010000	0
917	-0.450000	0.085000	0.010000	0
918	-0.442000	0.085000	0.010000	0
919	-0.434000	0.085000	0.010000	0
920	-0.426000	0.085000	0.010000	0
921	-0.418000	0.085000	0.010000	0
922	-0.410000	0.085000	0.010000	0
923	-0.402000	0.085000	0.010000	0
924	-0.394000	0.085000	0.010000	0
925	-0.386000	0.085000	0.010000	0
926	-0.378000	0.085000	0.010000	0
927	-0.370000	0.085000	0.010000	0
928	-0.362000	0.085000	0.010000	0
929	-0.354000	0.085000	0.010000	0
930	-0.346000	0.085000	0.010000	0
931	-0.338000	0.085000	0.010000	0
932	-0.330000	0.085000	0.010000	0
933	-0.322000	0.085000	0.010000	0
934	-0.314000	0.085000	0.010000	0
935	-0.306000	0.085000	0.010000	0
936	-0.298000	0.085000	0.010000	0
937	-0.290000	0.085000	0.010000	0
938	-0.282000	0.085000	0.010000	0
939	-0.274000	0.085000	0.010000	0
940	-0.266000	0.085000	0.010000	0
941	-0.258000	0.085000	0.010000	0
942	-0.490000	0.093000	0.010000	0
943	-0.482000	0.093000	0.010000	0
944	-0.474000	0.093000	0.010000	0
945	-0.466000	0.093000	0.010000	0
946	-0.458000	0.093000	0.010000	0
947	-0.450000	0.093000	0.010000	0
948	-0.442000	0.093000	0.010000	0
949	-0.434000	0.093000	0.010000	0
950	-0.426000	0.093000	0.010000	0
951	-0.418000	0.093000	0.010000	0
952	-0.410000	0.093000	0.010000	0
953	-0.402000	0.093000	0.010000	0
954	-0.394000	0.093000	0.010000	0
955	-0.386000	0.093000	0.010000	0
956	-0.378000	0.093000	0.010000	0
957	-0.370000	0.093000	0.010000	0
958	-0.362000	0.093000	0.010000	0
959	-0.354000	0.093000	0.010000	0
960	-0.346000	0.093000	0.010000	0
961	-0.338000	0.093000	0.010000	0
962	-0.330000	0.093000	0.010000	0
963	-0.322000	0.093000	0.010000	0
964	-0.314000	0.093000	0.010000	0
965	-0.306000	0.093000	0.010000	0
966	-0.298000	0.093000	0.010000	0
967	-0.290000	0.093000	0.010000	0
968	-0.282000	0.093000	0.010000	0
969	-0.274000	0.093000	0.010000	0
970	-0.266000	0.093000	0.010000	0
971	-0.258000	0.093000	0.010000	0
972	-0.490000	0.101000	0.010000	0
973	-0.482000	0.101000	0.010000	0
974	-0.474000	0.101000	0.010000	0
975	-0.466000	0.101000	0.010000	0
976	-0.458000	0.101000	0.010000	0
977	-0.450000	0.101000	0.010000	0
978	-0.442000	0.101000	0.010000	0
979	-0.434000	0.101000	0.010000	0
980	-0.426000	0.101000	0.010000	0
981	-0.418000	0.101000	0.010000	0
982	-0.410000	0.101000	0.010000	0
983	-0.402000	0.101000	0.010000	0
984	-0.394000	0.101000	0.010000	0
985	-0.386000	0.101000	0.010000	0
986	-0.378000	0.101000	0.010000	0
987	-0.370000	0.101000	0.010000	0
988	-0.362000	0.101000	0.010000	0
989	-0.354000	0.101000	0.010000	0
990	-0.346000	0.101000	0.010000	0
991	-0.338000	0.101000	0.010000	0
992	-0.330000	0.101000	0.010000	0
993	-0.322000	0.101000	0.010000	0
994	-0.314000	0.101000	0.010000	0
995	-0.306000	0.101000	0.010000	0
996	-0.298000	0.101000	0.010000	0
997	-0.290000	0.101000	0.010000	0
998	-0.282000	0.101000	0.010000	0
999	-0.274000	0.101000	0.010000	0
1000	-0.266000	0.101000	0.010000	0
1001	-0.258000	0.101000	0.010000	0
1002	-0.490000	0.109000	0.010000	0
1003	-0.482000	0.109000	0.010000	0
1004	-0.474000	0.109000	0.010000	0
1005	-0.466000	0.109000	0.010000	0
1006	-0.458000	0.109000	0.010000	0
1007	-0.450000	0.109000	0.010000	0
1008	-0.442000	0.109000	0.010000	0
1009	-0.434000	0.109000	0.010000	0
1010	-0.426000	0.109000	0.010000	0
1011	-0.418000	0.109000	0.010000	0
1012	-0.410000	0.109000	0.010000	0
1013	-0.402000	0.109000	0.010000	0
1014	-0.394000	0.109000	0.010000	0
1015	-0.386000	0.109000	0.010000	0
1016	-0.378000	0.109000	0.010000	0
1017	-0.370000	0.109000	0.010000	0
1018	-0.362000	0.109000	0.010000	0
1019	-0.354000	0.109000	0.010000	0
1020	-0.346000	0.109000	0.010000	0
1021	-0.338000	0.109000	0.010000	0
1022	-0.330000	0.109000	0.010000	0
1023	-0.322000	0.109000	0.010000	0
1024	-0.314000	0.109000	0.010000	0
1025	-0.306000	0.109000	0.010000	0
1026	-0.298000	0.109000	0.010000	0
1027	-0.290000	0.109000	0.010000	0
1028	-0.282000	0.109000	0.010000	0
1029	-0.274000	0.109000	0.010000	0
1030	-0.266000	0.109000	0.010000	0
1031	-0.258000	0.109000	0.010000	0
1032	-0.490000	0.117000	0.010000	0
1033	-0.482000	0.117000	0.010000	0
1034	-0.474000	0.117000	0.010000	0
1035	-0.466000	0.117000	0.010000	0
1036	-0.458000	0.117000	0.010000	0
1037	-0.450000	0.117000	0.010000	0
1038	-0.442000	0.117000	0.010000	0
1039	-0.434000	0.117000	0.010000	0
1040	-0.426000	0.117000	0.010000	0
1041	-0.418000	0.117000	0.010000	0
1042	-0.410000	0.117000	0.010000	0
1043	-0.402000	0.117000	0.010000	0
1044	-0.394000	0.117000	0.010000	0
1045	-0.386000	0.117000	0.010000	0
1046	-0.378000	0.117000	0.010000	0
1047	-0.370000	0.117000	0.010000	0
1048	-0.362000	0.117000	0.010000	0
1049	-0.354000	0.117000	0.010000	0
1050	-0.346000	0.117000	0.010000	0
1051	-0.338000	0.117000	0.010000	0
1052	-0.330000	0.117000	0.010000	0
1053	-0.322000	0.117000	0.010000	0
1054	-0.314000	0.117000	0.010000	0
1055	-0.306000	0.117000	0.010000	0
1056	-0.298000	0.117000	0.010000	0
1057	-0.290000	0.117000	0.010000	0
1058	-0.282000	0.117000	0.010000	0
1059	-0.274000	0.117000	0.010000	0
1060	-0.266000	0.117000	0.010000	0
1061	-0.258000	0.117000	0.010000	0
