id	posx	posy	h	type
0	-0.500000	0.072464	0.010000	1
1	-0.500000	0.068072	0.010000	1
2	-0.500000	0.063680	0.010000	1
3	-0.500000	0.059289	0.010000	1
4	-0.500000	0.054897	0.010000	1
5	-0.500000	0.050505	0.010000	1
6	-0.500000	0.046113	0.010000	1
7	-0.500000	0.041722	0.010000	1
8	-0.500000	0.037330	0.010000	1
9	-0.500000	0.032938	0.010000	1
10	-0.500000	0.028546	0.010000	1
11	-0.500000	0.024155	0.010000	1
12	-0.500000	0.019763	0.010000	1
13	-0.500000	0.015371	0.010000	1
14	-0.500000	0.010979	0.010000	1
15	-0.500000	0.006588	0.010000	1
16	-0.500000	0.002196	0.010000	1
17	-0.500000	-0.002196	0.010000	1
18	-0.500000	-0.006588	0.010000	1
19	-0.500000	-0.010979	0.010000	1
20	-0.500000	-0.015371	0.010000	1
21	-0.500000	-0.019763	0.010000	1
22	-0.500000	-0.024155	0.010000	1
23	-0.500000	-0.028546	0.010000	1
24	-0.500000	-0.032938	0.010000	1
25	-0.500000	-0.037330	0.010000	1
26	-0.500000	-0.041722	0.010000	1
27	-0.500000	-0.046113	0.010000	1
28	-0.500000	-0.050505	0.010000	1
29	-0.500000	-0.054897	0.010000	1
30	-0.500000	-0.059289	0.010000	1
31	-0.500000	-0.063680	0.010000	1
32	-0.500000	-0.068072	0.010000	1
33	-0.500000	-0.072464	0.010000	1
34	-0.495608	-0.072464	0.010000	1
35	-0.491217	-0.072464	0.010000	1
36	-0.486825	-0.072464	0.010000	1
37	-0.482433	-0.072464	0.010000	1
38	-0.478041	-0.072464	0.010000	1
39	-0.473650	-0.072464	0.010000	1
40	-0.469258	-0.072464	0.010000	1
41	-0.464866	-0.072464	0.010000	1
42	-0.460474	-0.072464	0.010000	1
43	-0.456083	-0.072464	0.010000	1
44	-0.451691	-0.072464	0.010000	1
45	-0.447299	-0.072464	0.010000	1
46	-0.442907	-0.072464	0.010000	1
47	-0.438516	-0.072464	0.010000	1
48	-0.434124	-0.072464	0.010000	1
49	-0.429732	-0.072464	0.010000	1
50	-0.425340	-0.072464	0.010000	1
51	-0.420949	-0.072464	0.010000	1
52	-0.416557	-0.072464	0.010000	1
53	-0.412165	-0.072464	0.010000	1
54	-0.407773	-0.072464	0.010000	1
55	-0.403382	-0.072464	0.010000	1
56	-0.398990	-0.072464	0.010000	1
57	-0.394598	-0.072464	0.010000	1
58	-0.390206	-0.072464	0.010000	1
59	-0.385815	-0.072464	0.010000	1
60	-0.381423	-0.072464	0.010000	1
61	-0.377031	-0.072464	0.010000	1
62	-0.372639	-0.072464	0.010000	1
63	-0.368248	-0.072464	0.010000	1
64	-0.363856	-0.072464	0.010000	1
65	-0.359464	-0.072464	0.010000	1
66	-0.355072	-0.072464	0.010000	1
67	-0.355072	-0.054897	0.010000	1
68	-0.355072	-0.050505	0.010000	1
69	-0.355072	-0.046113	0.010000	1
70	-0.355072	-0.041722	0.010000	1
71	-0.355072	-0.037330	0.010000	1
72	-0.355072	-0.032938	0.010000	1
73	-0.355072	-0.028546	0.010000	1
74	-0.355072	-0.024155	0.010000	1
75	-0.355072	-0.019763	0.010000	1
76	-0.355072	-0.015371	0.010000	1
77	-0.355072	-0.010979	0.010000	1
78	-0.355072	-0.006588	0.010000	1
79	-0.355072	-0.002196	0.010000	1
80	-0.355072	0.002196	0.010000	1
81	-0.355072	0.006588	0.010000	1
82	-0.355072	0.010979	0.010000	1
83	-0.355072	0.015371	0.010000	1
84	-0.355072	0.019763	0.010000	1
85	-0.355072	0.024155	0.010000	1
86	-0.355072	0.028546	0.010000	1
87	-0.355072	0.032938	0.010000	1
88	-0.355072	0.037330	0.010000	1
89	-0.355072	0.041722	0.010000	1
90	-0.355072	0.046113	0.010000	1
91	-0.355072	0.050505	0.010000	1
92	-0.355072	0.054897	0.010000	1
93	-0.355072	0.059289	0.010000	1
94	-0.355072	0.063680	0.010000	1
95	-0.355072	0.068072	0.010000	1
96	-0.355072	0.072464	0.010000	1
97	-0.359464	0.072464	0.010000	1
98	-0.363856	0.072464	0.010000	1
99	-0.368248	0.072464	0.010000	1
100	-0.372639	0.072464	0.010000	1
101	-0.377031	0.072464	0.010000	1
102	-0.381423	0.072464	0.010000	1
103	-0.385815	0.072464	0.010000	1
104	-0.390206	0.072464	0.010000	1
105	-0.394598	0.072464	0.010000	1
106	-0.398990	0.072464	0.010000	1
107	-0.403382	0.072464	0.010000	1
108	-0.407773	0.072464	0.010000	1
109	-0.412165	0.072464	0.010000	1
110	-0.416557	0.072464	0.010000	1
111	-0.420949	0.072464	0.010000	1
112	-0.425340	0.072464	0.010000	1
113	-0.429732	0.072464	0.010000	1
114	-0.434124	0.072464	0.010000	1
115	-0.438516	0.072464	0.010000	1
116	-0.442907	0.072464	0.010000	1
117	-0.447299	0.072464	0.010000	1
118	-0.451691	0.072464	0.010000	1
119	-0.456083	0.072464	0.010000	1
120	-0.460474	0.072464	0.010000	1
121	-0.464866	0.072464	0.010000	1
122	-0.469258	0.072464	0.010000	1
123	-0.473650	0.072464	0.010000	1
124	-0.478041	0.072464	0.010000	1
125	-0.482433	0.072464	0.010000	1
126	-0.486825	0.072464	0.010000	1
127	-0.491217	0.072464	0.010000	1
128	-0.495608	0.072464	0.010000	1
129	-0.350681	-0.072464	0.010000	1
130	-0.346289	-0.072464	0.010000	1
131	-0.341897	-0.072464	0.010000	1
132	-0.337505	-0.072464	0.010000	1
133	-0.333114	-0.072464	0.010000	1
134	-0.328722	-0.072464	0.010000	1
135	-0.324330	-0.072464	0.010000	1
136	-0.319939	-0.072464	0.010000	1
137	-0.315547	-0.072464	0.010000	1
138	-0.311155	-0.072464	0.010000	1
139	-0.306763	-0.072464	0.010000	1
140	-0.302372	-0.072464	0.010000	1
141	-0.297980	-0.072464	0.010000	1
142	-0.293588	-0.072464	0.010000	1
143	-0.289196	-0.072464	0.010000	1
144	-0.284805	-0.072464	0.010000	1
145	-0.280413	-0.072464	0.010000	1
146	-0.276021	-0.072464	0.010000	1
147	-0.271629	-0.072464	0.010000	1
148	-0.267238	-0.072464	0.010000	1
149	-0.262846	-0.072464	0.010000	1
150	-0.258454	-0.072464	0.010000	1
151	-0.254062	-0.072464	0.010000	1
152	-0.249671	-0.072464	0.010000	1
153	-0.245279	-0.072464	0.010000	1
154	-0.240887	-0.072464	0.010000	1
155	-0.236495	-0.072464	0.010000	1
156	-0.232104	-0.072464	0.010000	1
157	-0.227712	-0.072464	0.010000	1
158	-0.223320	-0.072464	0.010000	1
159	-0.218928	-0.072464	0.010000	1
160	-0.214537	-0.072464	0.010000	1
161	-0.210145	-0.072464	0.010000	1
162	-0.210145	-0.068072	0.010000	1
163	-0.210145	-0.063680	0.010000	1
164	-0.210145	-0.059289	0.010000	1
165	-0.210145	-0.054897	0.010000	1
166	-0.210145	-0.050505	0.010000	1
167	-0.210145	-0.046113	0.010000	1
168	-0.210145	-0.041722	0.010000	1
169	-0.210145	-0.037330	0.010000	1
170	-0.210145	-0.032938	0.010000	1
171	-0.210145	-0.028546	0.010000	1
172	-0.210145	-0.024155	0.010000	1
173	-0.210145	-0.019763	0.010000	1
174	-0.210145	-0.015371	0.010000	1
175	-0.210145	-0.010979	0.010000	1
176	-0.210145	-0.006588	0.010000	1
177	-0.210145	-0.002196	0.010000	1
178	-0.210145	0.002196	0.010000	1
179	-0.210145	0.006588	0.010000	1
180	-0.210145	0.010979	0.010000	1
181	-0.210145	0.015371	0.010000	1
182	-0.210145	0.019763	0.010000	1
183	-0.210145	0.024155	0.010000	1
184	-0.210145	0.028546	0.010000	1
185	-0.210145	0.032938	0.010000	1
186	-0.210145	0.037330	0.010000	1
187	-0.210145	0.041722	0.010000	1
188	-0.210145	0.046113	0.010000	1
189	-0.210145	0.050505	0.010000	1
190	-0.210145	0.054897	0.010000	1
191	-0.210145	0.059289	0.010000	1
192	-0.210145	0.063680	0.010000	1
193	-0.210145	0.068072	0.010000	1
194	-0.210145	0.072464	0.010000	1
195	-0.214674	0.072464	0.010000	1
196	-0.219203	0.072464	0.010000	1
197	-0.223732	0.072464	0.010000	1
198	-0.228261	0.072464	0.010000	1
199	-0.232790	0.072464	0.010000	1
200	-0.237319	0.072464	0.010000	1
201	-0.241848	0.072464	0.010000	1
202	-0.246377	0.072464	0.010000	1
203	-0.250906	0.072464	0.010000	1
204	-0.255435	0.072464	0.010000	1
205	-0.259964	0.072464	0.010000	1
206	-0.264493	0.072464	0.010000	1
207	-0.269022	0.072464	0.010000	1
208	-0.273551	0.072464	0.010000	1
209	-0.278080	0.072464	0.010000	1
210	-0.282609	0.072464	0.010000	1
211	-0.282609	0.067966	0.010000	1
212	-0.282609	0.063468	0.010000	1
213	-0.282609	0.058971	0.010000	1
214	-0.282609	0.054473	0.010000	1
215	-0.282609	0.049975	0.010000	1
216	-0.282609	0.045477	0.010000	1
217	-0.282609	0.040980	0.010000	1
218	-0.282609	0.036482	0.010000	1
219	-0.282609	0.031984	0.010000	1
220	-0.282609	0.027486	0.010000	1
221	-0.282609	0.022989	0.010000	1
222	-0.282609	0.018491	0.010000	1
223	-0.282609	0.013993	0.010000	1
224	-0.282609	0.009495	0.010000	1
225	-0.282609	0.004998	0.010000	1
226	-0.282609	0.000500	0.010000	1
227	-0.282609	-0.003998	0.010000	1
228	-0.282609	-0.008496	0.010000	1
229	-0.282609	-0.012994	0.010000	1
230	-0.282609	-0.017491	0.010000	1
231	-0.282609	-0.021989	0.010000	1
232	-0.282609	-0.026487	0.010000	1
233	-0.282609	-0.030985	0.010000	1
234	-0.282609	-0.035482	0.010000	1
235	-0.282609	-0.039980	0.010000	1
236	-0.282609	-0.044478	0.010000	1
237	-0.282609	-0.048976	0.010000	1
238	-0.282609	-0.053473	0.010000	1
239	-0.282609	-0.057971	0.010000	1
240	-0.287138	-0.057971	0.010000	1
241	-0.291667	-0.057971	0.010000	1
242	-0.296196	-0.057971	0.010000	1
243	-0.300725	-0.057971	0.010000	1
244	-0.305254	-0.057971	0.010000	1
245	-0.309783	-0.057971	0.010000	1
246	-0.314312	-0.057971	0.010000	1
247	-0.318841	-0.057971	0.010000	1
248	-0.323370	-0.057971	0.010000	1
249	-0.327899	-0.057971	0.010000	1
250	-0.332428	-0.057971	0.010000	1
251	-0.336957	-0.057971	0.010000	1
252	-0.341486	-0.057971	0.010000	1
253	-0.346014	-0.057971	0.010000	1
254	-0.350543	-0.057971	0.010000	1
255	-0.355072	-0.057971	0.010000	1
256	-0.490000	-0.062000	0.010000	0
257	-0.482000	-0.062000	0.010000	0
258	-0.474000	-0.062000	0.010000	0
259	-0.466000	-0.062000	0.010000	0
260	-0.458000	-0.062000	0.010000	0
261	-0.450000	-0.062000	0.010000	0
262	-0.442000	-0.062000	0.010000	0
263	-0.434000	-0.062000	0.010000	0
264	-0.426000	-0.062000	0.010000	0
265	-0.418000	-0.062000	0.010000	0
266	-0.410000	-0.062000	0.010000	0
267	-0.402000	-0.062000	0.010000	0
268	-0.394000	-0.062000	0.010000	0
269	-0.386000	-0.062000	0.010000	0
270	-0.378000	-0.062000	0.010000	0
271	-0.370000	-0.062000	0.010000	0
272	-0.362000	-0.062000	0.010000	0
273	-0.354000	-0.062000	0.010000	0
274	-0.490000	-0.054000	0.010000	0
275	-0.482000	-0.054000	0.010000	0
276	-0.474000	-0.054000	0.010000	0
277	-0.466000	-0.054000	0.010000	0
278	-0.458000	-0.054000	0.010000	0
279	-0.450000	-0.054000	0.010000	0
280	-0.442000	-0.054000	0.010000	0
281	-0.434000	-0.054000	0.010000	0
282	-0.426000	-0.054000	0.010000	0
283	-0.418000	-0.054000	0.010000	0
284	-0.410000	-0.054000	0.010000	0
285	-0.402000	-0.054000	0.010000	0
286	-0.394000	-0.054000	0.010000	0
287	-0.386000	-0.054000	0.010000	0
288	-0.378000	-0.054000	0.010000	0
289	-0.370000	-0.054000	0.010000	0
290	-0.362000	-0.054000	0.010000	0
291	-0.490000	-0.046000	0.010000	0
292	-0.482000	-0.046000	0.010000	0
293	-0.474000	-0.046000	0.010000	0
294	-0.466000	-0.046000	0.010000	0
295	-0.458000	-0.046000	0.010000	0
296	-0.450000	-0.046000	0.010000	0
297	-0.442000	-0.046000	0.010000	0
298	-0.434000	-0.046000	0.010000	0
299	-0.426000	-0.046000	0.010000	0
300	-0.418000	-0.046000	0.010000	0
301	-0.410000	-0.046000	0.010000	0
302	-0.402000	-0.046000	0.010000	0
303	-0.394000	-0.046000	0.010000	0
304	-0.386000	-0.046000	0.010000	0
305	-0.378000	-0.046000	0.010000	0
306	-0.370000	-0.046000	0.010000	0
307	-0.362000	-0.046000	0.010000	0
308	-0.490000	-0.038000	0.010000	0
309	-0.482000	-0.038000	0.010000	0
310	-0.474000	-0.038000	0.010000	0
311	-0.466000	-0.038000	0.010000	0
312	-0.458000	-0.038000	0.010000	0
313	-0.450000	-0.038000	0.010000	0
314	-0.442000	-0.038000	0.010000	0
315	-0.434000	-0.038000	0.010000	0
316	-0.426000	-0.038000	0.010000	0
317	-0.418000	-0.038000	0.010000	0
318	-0.410000	-0.038000	0.010000	0
319	-0.402000	-0.038000	0.010000	0
320	-0.394000	-0.038000	0.010000	0
321	-0.386000	-0.038000	0.010000	0
322	-0.378000	-0.038000	0.010000	0
323	-0.370000	-0.038000	0.010000	0
324	-0.362000	-0.038000	0.010000	0
325	-0.490000	-0.030000	0.010000	0
326	-0.482000	-0.030000	0.010000	0
327	-0.474000	-0.030000	0.010000	0
328	-0.466000	-0.030000	0.010000	0
329	-0.458000	-0.030000	0.010000	0
330	-0.450000	-0.030000	0.010000	0
331	-0.442000	-0.030000	0.010000	0
332	-0.434000	-0.030000	0.010000	0
333	-0.426000	-0.030000	0.010000	0
334	-0.418000	-0.030000	0.010000	0
335	-0.410000	-0.030000	0.010000	0
336	-0.402000	-0.030000	0.010000	0
337	-0.394000	-0.030000	0.010000	0
338	-0.386000	-0.030000	0.010000	0
339	-0.378000	-0.030000	0.010000	0
340	-0.370000	-0.030000	0.010000	0
341	-0.362000	-0.030000	0.010000	0
342	-0.490000	-0.022000	0.010000	0
343	-0.482000	-0.022000	0.010000	0
344	-0.474000	-0.022000	0.010000	0
345	-0.466000	-0.022000	0.010000	0
346	-0.458000	-0.022000	0.010000	0
347	-0.450000	-0.022000	0.010000	0
348	-0.442000	-0.022000	0.010000	0
349	-0.434000	-0.022000	0.010000	0
350	-0.426000	-0.022000	0.010000	0
351	-0.418000	-0.022000	0.010000	0
352	-0.410000	-0.022000	0.010000	0
353	-0.402000	-0.022000	0.010000	0
354	-0.394000	-0.022000	0.010000	0
355	-0.386000	-0.022000	0.010000	0
356	-0.378000	-0.022000	0.010000	0
357	-0.370000	-0.022000	0.010000	0
358	-0.362000	-0.022000	0.010000	0
359	-0.490000	-0.014000	0.010000	0
360	-0.482000	-0.014000	0.010000	0
361	-0.474000	-0.014000	0.010000	0
362	-0.466000	-0.014000	0.010000	0
363	-0.458000	-0.014000	0.010000	0
364	-0.450000	-0.014000	0.010000	0
365	-0.442000	-0.014000	0.010000	0
366	-0.434000	-0.014000	0.010000	0
367	-0.426000	-0.014000	0.010000	0
368	-0.418000	-0.014000	0.010000	0
369	-0.410000	-0.014000	0.010000	0
370	-0.402000	-0.014000	0.010000	0
371	-0.394000	-0.014000	0.010000	0
372	-0.386000	-0.014000	0.010000	0
373	-0.378000	-0.014000	0.010000	0
374	-0.370000	-0.014000	0.010000	0
375	-0.362000	-0.014000	0.010000	0
376	-0.490000	-0.006000	0.010000	0
377	-0.482000	-0.006000	0.010000	0
378	-0.474000	-0.006000	0.010000	0
379	-0.466000	-0.006000	0.010000	0
380	-0.458000	-0.006000	0.010000	0
381	-0.450000	-0.006000	0.010000	0
382	-0.442000	-0.006000	0.010000	0
383	-0.434000	-0.006000	0.010000	0
384	-0.426000	-0.006000	0.010000	0
385	-0.418000	-0.006000	0.010000	0
386	-0.410000	-0.006000	0.010000	0
387	-0.402000	-0.006000	0.010000	0
388	-0.394000	-0.006000	0.010000	0
389	-0.386000	-0.006000	0.010000	0
390	-0.378000	-0.006000	0.010000	0
391	-0.370000	-0.006000	0.010000	0
392	-0.362000	-0.006000	0.010000	0
393	-0.490000	0.002000	0.010000	0
394	-0.482000	0.002000	0.010000	0
395	-0.474000	0.002000	0.010000	0
396	-0.466000	0.002000	0.010000	0
397	-0.458000	0.002000	0.010000	0
398	-0.450000	0.002000	0.010000	0
399	-0.442000	0.002000	0.010000	0
400	-0.434000	0.002000	0.010000	0
401	-0.426000	0.002000	0.010000	0
402	-0.418000	0.002000	0.010000	0
403	-0.410000	0.002000	0.010000	0
404	-0.402000	0.002000	0.010000	0
405	-0.394000	0.002000	0.010000	0
406	-0.386000	0.002000	0.010000	0
407	-0.378000	0.002000	0.010000	0
408	-0.370000	0.002000	0.010000	0
409	-0.362000	0.002000	0.010000	0
410	-0.490000	0.010000	0.010000	0
411	-0.482000	0.010000	0.010000	0
412	-0.474000	0.010000	0.010000	0
413	-0.466000	0.010000	0.010000	0
414	-0.458000	0.010000	0.010000	0
415	-0.450000	0.010000	0.010000	0
416	-0.442000	0.010000	0.010000	0
417	-0.434000	0.010000	0.010000	0
418	-0.426000	0.010000	0.010000	0
419	-0.418000	0.010000	0.010000	0
420	-0.410000	0.010000	0.010000	0
421	-0.402000	0.010000	0.010000	0
422	-0.394000	0.010000	0.010000	0
423	-0.386000	0.010000	0.010000	0
424	-0.378000	0.010000	0.010000	0
425	-0.370000	0.010000	0.010000	0
426	-0.362000	0.010000	0.010000	0
427	-0.490000	0.018000	0.010000	0
428	-0.482000	0.018000	0.010000	0
429	-0.474000	0.018000	0.010000	0
430	-0.466000	0.018000	0.010000	0
431	-0.458000	0.018000	0.010000	0
432	-0.450000	0.018000	0.010000	0
433	-0.442000	0.018000	0.010000	0
434	-0.434000	0.018000	0.010000	0
435	-0.426000	0.018000	0.010000	0
436	-0.418000	0.018000	0.010000	0
437	-0.410000	0.018000	0.010000	0
438	-0.402000	0.018000	0.010000	0
439	-0.394000	0.018000	0.010000	0
440	-0.386000	0.018000	0.010000	0
441	-0.378000	0.018000	0.010000	0
442	-0.370000	0.018000	0.010000	0
443	-0.362000	0.018000	0.010000	0
444	-0.490000	0.026000	0.010000	0
445	-0.482000	0.026000	0.010000	0
446	-0.474000	0.026000	0.010000	0
447	-0.466000	0.026000	0.010000	0
448	-0.458000	0.026000	0.010000	0
449	-0.450000	0.026000	0.010000	0
450	-0.442000	0.026000	0.010000	0
451	-0.434000	0.026000	0.010000	0
452	-0.426000	0.026000	0.010000	0
453	-0.418000	0.026000	0.010000	0
454	-0.410000	0.026000	0.010000	0
455	-0.402000	0.026000	0.010000	0
456	-0.394000	0.026000	0.010000	0
457	-0.386000	0.026000	0.010000	0
458	-0.378000	0.026000	0.010000	0
459	-0.370000	0.026000	0.010000	0
460	-0.362000	0.026000	0.010000	0
461	-0.490000	0.034000	0.010000	0
462	-0.482000	0.034000	0.010000	0
463	-0.474000	0.034000	0.010000	0
464	-0.466000	0.034000	0.010000	0
465	-0.458000	0.034000	0.010000	0
466	-0.450000	0.034000	0.010000	0
467	-0.442000	0.034000	0.010000	0
468	-0.434000	0.034000	0.010000	0
469	-0.426000	0.034000	0.010000	0
470	-0.418000	0.034000	0.010000	0
471	-0.410000	0.034000	0.010000	0
472	-0.402000	0.034000	0.010000	0
473	-0.394000	0.034000	0.010000	0
474	-0.386000	0.034000	0.010000	0
475	-0.378000	0.034000	0.010000	0
476	-0.370000	0.034000	0.010000	0
477	-0.362000	0.034000	0.010000	0
478	-0.490000	0.042000	0.010000	0
479	-0.482000	0.042000	0.010000	0
480	-0.474000	0.042000	0.010000	0
481	-0.466000	0.042000	0.010000	0
482	-0.458000	0.042000	0.010000	0
483	-0.450000	0.042000	0.010000	0
484	-0.442000	0.042000	0.010000	0
485	-0.434000	0.042000	0.010000	0
486	-0.426000	0.042000	0.010000	0
487	-0.418000	0.042000	0.010000	0
488	-0.410000	0.042000	0.010000	0
489	-0.402000	0.042000	0.010000	0
490	-0.394000	0.042000	0.010000	0
491	-0.386000	0.042000	0.010000	0
492	-0.378000	0.042000	0.010000	0
493	-0.370000	0.042000	0.010000	0
494	-0.362000	0.042000	0.010000	0
495	-0.490000	0.050000	0.010000	0
496	-0.482000	0.050000	0.010000	0
497	-0.474000	0.050000	0.010000	0
498	-0.466000	0.050000	0.010000	0
499	-0.458000	0.050000	0.010000	0
500	-0.450000	0.050000	0.010000	0
501	-0.442000	0.050000	0.010000	0
502	-0.434000	0.050000	0.010000	0
503	-0.426000	0.050000	0.010000	0
504	-0.418000	0.050000	0.010000	0
505	-0.410000	0.050000	0.010000	0
506	-0.402000	0.050000	0.010000	0
507	-0.394000	0.050000	0.010000	0
508	-0.386000	0.050000	0.010000	0
509	-0.378000	0.050000	0.010000	0
510	-0.370000	0.050000	0.010000	0
511	-0.362000	0.050000	0.010000	0
512	-0.490000	0.058000	0.010000	0
513	-0.482000	0.058000	0.010000	0
514	-0.474000	0.058000	0.010000	0
515	-0.466000	0.058000	0.010000	0
516	-0.458000	0.058000	0.010000	0
517	-0.450000	0.058000	0.010000	0
518	-0.442000	0.058000	0.010000	0
519	-0.434000	0.058000	0.010000	0
520	-0.426000	0.058000	0.010000	0
521	-0.418000	0.058000	0.010000	0
522	-0.410000	0.058000	0.010000	0
523	-0.402000	0.058000	0.010000	0
524	-0.394000	0.058000	0.010000	0
525	-0.386000	0.058000	0.010000	0
526	-0.378000	0.058000	0.010000	0
527	-0.370000	0.058000	0.010000	0
528	-0.362000	0.058000	0.010000	0
529	-0.490000	0.066000	0.010000	0
530	-0.482000	0.066000	0.010000	0
531	-0.474000	0.066000	0.010000	0
532	-0.466000	0.066000	0.010000	0
533	-0.458000	0.066000	0.010000	0
534	-0.450000	0.066000	0.010000	0
535	-0.442000	0.066000	0.010000	0
536	-0.434000	0.066000	0.010000	0
537	-0.426000	0.066000	0.010000	0
538	-0.418000	0.066000	0.010000	0
539	-0.410000	0.066000	0.010000	0
540	-0.402000	0.066000	0.010000	0
541	-0.394000	0.066000	0.010000	0
542	-0.386000	0.066000	0.010000	0
543	-0.378000	0.066000	0.010000	0
544	-0.370000	0.066000	0.010000	0
545	-0.362000	0.066000	0.010000	0
